a	978	1292	498	1293	220	4	38
0	4	4	-1	1	79	-1	0	-1
1	5	4	-1	2	-1	0	-1	-1
2	6	4	-1	3	-1	1	-1	-1
3	7	4	-1	4	-1	2	-1	-1
4	8	4	-1	5	-1	3	1	-1
5	9	4	-1	6	-1	4	-1	-1
6	10	4	-1	7	-1	5	-1	-1
7	11	4	-1	8	-1	6	-1	-1
8	12	4	-1	9	-1	7	2	-1
9	13	4	-1	10	-1	8	-1	-1
10	14	4	-1	11	-1	9	-1	-1
11	15	4	-1	12	-1	10	-1	-1
12	16	4	-1	13	-1	11	3	-1
13	17	4	-1	14	-1	12	-1	-1
14	18	4	-1	15	-1	13	-1	-1
15	19	4	-1	16	-1	14	-1	-1
16	20	4	-1	17	-1	15	4	-1
17	21	4	-1	18	-1	16	-1	-1
18	22	4	-1	19	-1	17	-1	-1
19	23	4	-1	20	-1	18	-1	-1
20	24	4	-1	-1	80	19	5	-1
21	36	4	-1	22	81	-1	6	-1
22	37	4	-1	23	-1	21	-1	-1
23	38	4	-1	24	-1	22	-1	-1
24	39	4	-1	25	-1	23	-1	-1
25	40	4	-1	26	-1	24	7	-1
26	41	4	-1	27	-1	25	-1	-1
27	42	4	-1	28	-1	26	-1	-1
28	43	4	-1	29	-1	27	-1	-1
29	44	4	-1	30	-1	28	8	-1
30	45	4	-1	31	-1	29	-1	-1
31	46	4	-1	32	-1	30	-1	-1
32	47	4	-1	33	-1	31	-1	-1
33	48	4	-1	34	-1	32	9	-1
34	49	4	-1	35	-1	33	-1	-1
35	50	4	-1	36	-1	34	-1	-1
36	51	4	-1	37	-1	35	-1	-1
37	52	4	-1	38	-1	36	10	-1
38	53	4	-1	39	-1	37	-1	-1
39	54	4	-1	40	-1	38	-1	-1
40	55	4	-1	41	-1	39	-1	-1
41	56	4	-1	42	-1	40	11	-1
42	57	4	-1	43	-1	41	-1	-1
43	58	4	-1	44	-1	42	-1	-1
44	59	4	-1	45	-1	43	-1	-1
45	60	4	-1	46	-1	44	12	-1
46	61	4	-1	47	-1	45	-1	-1
47	62	4	-1	48	-1	46	-1	-1
48	63	4	-1	49	-1	47	-1	-1
49	64	4	-1	50	-1	48	13	-1
50	65	4	-1	51	-1	49	-1	-1
51	66	4	-1	52	-1	50	-1	-1
52	67	4	-1	53	-1	51	-1	-1
53	68	4	-1	54	-1	52	14	-1
54	69	4	-1	55	-1	53	-1	-1
55	70	4	-1	56	-1	54	-1	-1
56	71	4	-1	57	-1	55	-1	-1
57	72	4	-1	-1	82	56	15	-1
58	84	4	-1	59	83	-1	16	-1
59	85	4	-1	60	-1	58	-1	-1
60	86	4	-1	61	-1	59	-1	-1
61	87	4	-1	62	-1	60	-1	-1
62	88	4	-1	63	-1	61	17	-1
63	89	4	-1	64	-1	62	-1	-1
64	90	4	-1	65	-1	63	-1	-1
65	91	4	-1	66	-1	64	-1	-1
66	92	4	-1	67	-1	65	18	-1
67	93	4	-1	68	-1	66	-1	-1
68	94	4	-1	69	-1	67	-1	-1
69	95	4	-1	70	-1	68	-1	-1
70	96	4	-1	71	-1	69	19	-1
71	97	4	-1	72	-1	70	-1	-1
72	98	4	-1	73	-1	71	-1	-1
73	99	4	-1	74	-1	72	-1	-1
74	100	4	-1	75	-1	73	20	-1
75	101	4	-1	76	-1	74	-1	-1
76	102	4	-1	77	-1	75	-1	-1
77	103	4	-1	78	-1	76	-1	-1
78	104	4	-1	-1	84	77	21	-1
79	4	5	0	-1	85	-1	-1	-1
80	24	5	20	-1	86	-1	-1	-1
81	36	5	21	-1	87	-1	-1	-1
82	72	5	57	-1	88	-1	-1	-1
83	84	5	58	-1	89	-1	-1	-1
84	104	5	78	-1	90	-1	-1	-1
85	4	6	79	-1	91	-1	-1	-1
86	24	6	80	-1	92	-1	-1	-1
87	36	6	81	-1	93	-1	-1	-1
88	72	6	82	-1	94	-1	-1	-1
89	84	6	83	-1	95	-1	-1	-1
90	104	6	84	-1	96	-1	-1	-1
91	4	7	85	-1	97	-1	-1	-1
92	24	7	86	-1	98	-1	-1	-1
93	36	7	87	-1	99	-1	-1	-1
94	72	7	88	-1	100	-1	-1	-1
95	84	7	89	-1	101	-1	-1	-1
96	104	7	90	-1	102	-1	-1	-1
97	4	8	91	-1	103	-1	-1	0
98	24	8	92	-1	104	-1	22	-1
99	36	8	93	-1	105	-1	23	-1
100	72	8	94	-1	106	-1	24	-1
101	84	8	95	-1	107	-1	25	-1
102	104	8	96	-1	108	-1	-1	1
103	4	9	97	-1	109	-1	-1	-1
104	24	9	98	-1	110	-1	-1	-1
105	36	9	99	-1	111	-1	-1	-1
106	72	9	100	-1	112	-1	-1	-1
107	84	9	101	-1	113	-1	-1	-1
108	104	9	102	-1	114	-1	-1	-1
109	4	10	103	-1	115	-1	-1	-1
110	24	10	104	-1	116	-1	-1	-1
111	36	10	105	-1	117	-1	-1	-1
112	72	10	106	-1	118	-1	-1	-1
113	84	10	107	-1	119	-1	-1	-1
114	104	10	108	-1	120	-1	-1	-1
115	4	11	109	-1	121	-1	-1	-1
116	24	11	110	-1	122	-1	-1	-1
117	36	11	111	-1	123	-1	-1	-1
118	72	11	112	-1	124	-1	-1	-1
119	84	11	113	-1	125	-1	-1	-1
120	104	11	114	-1	126	-1	-1	-1
121	4	12	115	-1	127	-1	26	-1
122	24	12	116	-1	128	-1	27	-1
123	36	12	117	-1	129	-1	28	-1
124	72	12	118	-1	130	-1	29	-1
125	84	12	119	-1	131	-1	30	-1
126	104	12	120	-1	132	-1	31	-1
127	4	13	121	-1	133	-1	-1	-1
128	24	13	122	-1	134	-1	-1	-1
129	36	13	123	-1	135	-1	-1	-1
130	72	13	124	-1	136	-1	-1	-1
131	84	13	125	-1	137	-1	-1	-1
132	104	13	126	-1	138	-1	-1	-1
133	4	14	127	-1	139	-1	-1	-1
134	24	14	128	-1	140	-1	-1	-1
135	36	14	129	-1	141	-1	-1	-1
136	72	14	130	-1	142	-1	-1	-1
137	84	14	131	-1	143	-1	-1	-1
138	104	14	132	-1	144	-1	-1	-1
139	4	15	133	-1	145	-1	-1	-1
140	24	15	134	-1	165	-1	-1	-1
141	36	15	135	-1	177	-1	-1	-1
142	72	15	136	-1	213	-1	-1	-1
143	84	15	137	-1	225	-1	-1	-1
144	104	15	138	-1	245	-1	-1	-1
145	4	16	139	146	-1	-1	32	-1
146	5	16	-1	147	-1	145	-1	-1
147	6	16	-1	148	-1	146	-1	-1
148	7	16	-1	149	-1	147	-1	-1
149	8	16	-1	150	-1	148	33	-1
150	9	16	-1	151	-1	149	-1	-1
151	10	16	-1	152	-1	150	-1	-1
152	11	16	-1	153	-1	151	-1	-1
153	12	16	-1	154	246	152	34	-1
154	13	16	-1	155	-1	153	-1	-1
155	14	16	-1	156	-1	154	-1	-1
156	15	16	-1	157	-1	155	-1	-1
157	16	16	-1	158	-1	156	35	-1
158	17	16	-1	159	-1	157	-1	-1
159	18	16	-1	160	-1	158	-1	-1
160	19	16	-1	161	-1	159	-1	-1
161	20	16	-1	162	-1	160	36	-1
162	21	16	-1	163	-1	161	-1	-1
163	22	16	-1	164	-1	162	-1	-1
164	23	16	-1	165	-1	163	-1	-1
165	24	16	140	166	247	164	37	-1
166	25	16	-1	167	-1	165	-1	-1
167	26	16	-1	168	-1	166	-1	-1
168	27	16	-1	169	-1	167	-1	-1
169	28	16	-1	170	-1	168	38	-1
170	29	16	-1	171	-1	169	-1	-1
171	30	16	-1	172	-1	170	-1	-1
172	31	16	-1	173	-1	171	-1	-1
173	32	16	-1	174	-1	172	39	-1
174	33	16	-1	175	-1	173	-1	-1
175	34	16	-1	176	-1	174	-1	-1
176	35	16	-1	177	-1	175	-1	-1
177	36	16	141	178	-1	176	40	-1
178	37	16	-1	179	-1	177	-1	-1
179	38	16	-1	180	-1	178	-1	-1
180	39	16	-1	181	-1	179	-1	-1
181	40	16	-1	182	-1	180	41	-1
182	41	16	-1	183	-1	181	-1	-1
183	42	16	-1	184	-1	182	-1	-1
184	43	16	-1	185	-1	183	-1	-1
185	44	16	-1	186	-1	184	42	-1
186	45	16	-1	187	-1	185	-1	-1
187	46	16	-1	188	-1	186	-1	-1
188	47	16	-1	189	-1	187	-1	-1
189	48	16	-1	190	248	188	43	-1
190	49	16	-1	191	-1	189	-1	-1
191	50	16	-1	192	-1	190	-1	-1
192	51	16	-1	193	-1	191	-1	-1
193	52	16	-1	194	-1	192	44	-1
194	53	16	-1	195	-1	193	-1	-1
195	54	16	-1	196	-1	194	-1	-1
196	55	16	-1	197	-1	195	-1	-1
197	56	16	-1	198	-1	196	45	-1
198	57	16	-1	199	-1	197	-1	-1
199	58	16	-1	200	-1	198	-1	-1
200	59	16	-1	201	-1	199	-1	-1
201	60	16	-1	202	249	200	46	-1
202	61	16	-1	203	-1	201	-1	-1
203	62	16	-1	204	-1	202	-1	-1
204	63	16	-1	205	-1	203	-1	-1
205	64	16	-1	206	-1	204	47	-1
206	65	16	-1	207	-1	205	-1	-1
207	66	16	-1	208	-1	206	-1	-1
208	67	16	-1	209	-1	207	-1	-1
209	68	16	-1	210	-1	208	48	-1
210	69	16	-1	211	-1	209	-1	-1
211	70	16	-1	212	-1	210	-1	-1
212	71	16	-1	213	-1	211	-1	-1
213	72	16	142	214	-1	212	49	-1
214	73	16	-1	215	-1	213	-1	-1
215	74	16	-1	216	-1	214	-1	-1
216	75	16	-1	217	-1	215	-1	-1
217	76	16	-1	218	-1	216	50	-1
218	77	16	-1	219	-1	217	-1	-1
219	78	16	-1	220	-1	218	-1	-1
220	79	16	-1	221	-1	219	-1	-1
221	80	16	-1	222	-1	220	51	-1
222	81	16	-1	223	-1	221	-1	-1
223	82	16	-1	224	-1	222	-1	-1
224	83	16	-1	225	-1	223	-1	-1
225	84	16	143	226	250	224	52	-1
226	85	16	-1	227	-1	225	-1	-1
227	86	16	-1	228	-1	226	-1	-1
228	87	16	-1	229	-1	227	-1	-1
229	88	16	-1	230	-1	228	53	-1
230	89	16	-1	231	-1	229	-1	-1
231	90	16	-1	232	-1	230	-1	-1
232	91	16	-1	233	-1	231	-1	-1
233	92	16	-1	234	-1	232	54	-1
234	93	16	-1	235	-1	233	-1	-1
235	94	16	-1	236	-1	234	-1	-1
236	95	16	-1	237	-1	235	-1	-1
237	96	16	-1	238	251	236	55	-1
238	97	16	-1	239	-1	237	-1	-1
239	98	16	-1	240	-1	238	-1	-1
240	99	16	-1	241	-1	239	-1	-1
241	100	16	-1	242	-1	240	56	-1
242	101	16	-1	243	-1	241	-1	-1
243	102	16	-1	244	-1	242	-1	-1
244	103	16	-1	245	-1	243	-1	-1
245	104	16	144	-1	-1	244	57	-1
246	12	17	153	-1	252	-1	-1	-1
247	24	17	165	-1	253	-1	-1	-1
248	48	17	189	-1	254	-1	-1	-1
249	60	17	201	-1	255	-1	-1	-1
250	84	17	225	-1	256	-1	-1	-1
251	96	17	237	-1	257	-1	-1	-1
252	12	18	246	-1	258	-1	-1	-1
253	24	18	247	-1	259	-1	-1	-1
254	48	18	248	-1	260	-1	-1	-1
255	60	18	249	-1	261	-1	-1	-1
256	84	18	250	-1	262	-1	-1	-1
257	96	18	251	-1	263	-1	-1	-1
258	12	19	252	-1	264	-1	-1	-1
259	24	19	253	-1	265	-1	-1	-1
260	48	19	254	-1	266	-1	-1	-1
261	60	19	255	-1	267	-1	-1	-1
262	84	19	256	-1	268	-1	-1	-1
263	96	19	257	-1	269	-1	-1	-1
264	12	20	258	-1	270	-1	58	-1
265	24	20	259	-1	271	-1	59	-1
266	48	20	260	-1	272	-1	60	-1
267	60	20	261	-1	273	-1	61	-1
268	84	20	262	-1	274	-1	62	-1
269	96	20	263	-1	275	-1	63	-1
270	12	21	264	-1	276	-1	-1	-1
271	24	21	265	-1	277	-1	-1	-1
272	48	21	266	-1	278	-1	-1	-1
273	60	21	267	-1	279	-1	-1	-1
274	84	21	268	-1	280	-1	-1	-1
275	96	21	269	-1	281	-1	-1	-1
276	12	22	270	-1	282	-1	-1	-1
277	24	22	271	-1	283	-1	-1	-1
278	48	22	272	-1	284	-1	-1	-1
279	60	22	273	-1	285	-1	-1	-1
280	84	22	274	-1	286	-1	-1	-1
281	96	22	275	-1	287	-1	-1	-1
282	12	23	276	-1	288	-1	-1	-1
283	24	23	277	-1	289	-1	-1	-1
284	48	23	278	-1	290	-1	-1	-1
285	60	23	279	-1	291	-1	-1	-1
286	84	23	280	-1	292	-1	-1	-1
287	96	23	281	-1	293	-1	-1	-1
288	12	24	282	-1	294	-1	64	-1
289	24	24	283	-1	295	-1	65	-1
290	48	24	284	-1	296	-1	66	-1
291	60	24	285	-1	297	-1	67	-1
292	84	24	286	-1	298	-1	68	-1
293	96	24	287	-1	299	-1	69	-1
294	12	25	288	-1	300	-1	-1	-1
295	24	25	289	-1	301	-1	-1	-1
296	48	25	290	-1	302	-1	-1	-1
297	60	25	291	-1	303	-1	-1	-1
298	84	25	292	-1	304	-1	-1	-1
299	96	25	293	-1	305	-1	-1	-1
300	12	26	294	-1	306	-1	-1	-1
301	24	26	295	-1	307	-1	-1	-1
302	48	26	296	-1	308	-1	-1	-1
303	60	26	297	-1	309	-1	-1	-1
304	84	26	298	-1	310	-1	-1	-1
305	96	26	299	-1	311	-1	-1	-1
306	12	27	300	-1	312	-1	-1	-1
307	24	27	301	-1	313	-1	-1	-1
308	48	27	302	-1	314	-1	-1	-1
309	60	27	303	-1	315	-1	-1	-1
310	84	27	304	-1	316	-1	-1	-1
311	96	27	305	-1	317	-1	-1	-1
312	12	28	306	-1	318	-1	70	-1
313	24	28	307	-1	319	-1	71	-1
314	48	28	308	-1	320	-1	72	-1
315	60	28	309	-1	321	-1	73	-1
316	84	28	310	-1	322	-1	74	-1
317	96	28	311	-1	323	-1	75	-1
318	12	29	312	-1	324	-1	-1	-1
319	24	29	313	-1	325	-1	-1	-1
320	48	29	314	-1	326	-1	-1	-1
321	60	29	315	-1	327	-1	-1	-1
322	84	29	316	-1	328	-1	-1	-1
323	96	29	317	-1	329	-1	-1	-1
324	12	30	318	-1	330	-1	-1	-1
325	24	30	319	-1	331	-1	-1	-1
326	48	30	320	-1	332	-1	-1	-1
327	60	30	321	-1	333	-1	-1	-1
328	84	30	322	-1	334	-1	-1	-1
329	96	30	323	-1	335	-1	-1	-1
330	12	31	324	-1	348	-1	-1	-1
331	24	31	325	-1	349	-1	-1	-1
332	48	31	326	-1	373	-1	-1	-1
333	60	31	327	-1	374	-1	-1	-1
334	84	31	328	-1	398	-1	-1	-1
335	96	31	329	-1	399	-1	-1	-1
336	0	32	-1	337	-1	411	-1	-1
337	1	32	-1	338	-1	336	-1	-1
338	2	32	-1	339	-1	337	-1	-1
339	3	32	-1	340	-1	338	-1	-1
340	4	32	-1	341	-1	339	-1	-1
341	5	32	-1	342	-1	340	-1	-1
342	6	32	-1	343	-1	341	-1	-1
343	7	32	-1	344	-1	342	-1	-1
344	8	32	-1	345	-1	343	-1	-1
345	9	32	-1	346	-1	344	-1	-1
346	10	32	-1	347	-1	345	-1	-1
347	11	32	-1	348	-1	346	-1	-1
348	12	32	330	-1	412	347	76	-1
349	24	32	331	350	-1	-1	77	-1
350	25	32	-1	351	-1	349	-1	-1
351	26	32	-1	352	-1	350	-1	-1
352	27	32	-1	353	-1	351	-1	-1
353	28	32	-1	354	-1	352	78	-1
354	29	32	-1	355	-1	353	-1	-1
355	30	32	-1	356	-1	354	-1	-1
356	31	32	-1	357	-1	355	-1	-1
357	32	32	-1	358	-1	356	79	-1
358	33	32	-1	359	-1	357	-1	-1
359	34	32	-1	360	-1	358	-1	-1
360	35	32	-1	361	-1	359	-1	-1
361	36	32	-1	362	413	360	80	-1
362	37	32	-1	363	-1	361	-1	-1
363	38	32	-1	364	-1	362	-1	-1
364	39	32	-1	365	-1	363	-1	-1
365	40	32	-1	366	-1	364	81	-1
366	41	32	-1	367	-1	365	-1	-1
367	42	32	-1	368	-1	366	-1	-1
368	43	32	-1	369	-1	367	-1	-1
369	44	32	-1	370	-1	368	82	-1
370	45	32	-1	371	-1	369	-1	-1
371	46	32	-1	372	-1	370	-1	-1
372	47	32	-1	373	-1	371	-1	-1
373	48	32	332	-1	-1	372	83	-1
374	60	32	333	375	-1	-1	84	-1
375	61	32	-1	376	-1	374	-1	-1
376	62	32	-1	377	-1	375	-1	-1
377	63	32	-1	378	-1	376	-1	-1
378	64	32	-1	379	-1	377	85	-1
379	65	32	-1	380	-1	378	-1	-1
380	66	32	-1	381	-1	379	-1	-1
381	67	32	-1	382	-1	380	-1	-1
382	68	32	-1	383	-1	381	86	-1
383	69	32	-1	384	-1	382	-1	-1
384	70	32	-1	385	-1	383	-1	-1
385	71	32	-1	386	-1	384	-1	-1
386	72	32	-1	387	414	385	87	-1
387	73	32	-1	388	-1	386	-1	-1
388	74	32	-1	389	-1	387	-1	-1
389	75	32	-1	390	-1	388	-1	-1
390	76	32	-1	391	-1	389	88	-1
391	77	32	-1	392	-1	390	-1	-1
392	78	32	-1	393	-1	391	-1	-1
393	79	32	-1	394	-1	392	-1	-1
394	80	32	-1	395	-1	393	89	-1
395	81	32	-1	396	-1	394	-1	-1
396	82	32	-1	397	-1	395	-1	-1
397	83	32	-1	398	-1	396	-1	-1
398	84	32	334	-1	-1	397	90	-1
399	96	32	335	400	415	-1	91	-1
400	97	32	-1	401	-1	399	-1	-1
401	98	32	-1	402	-1	400	-1	-1
402	99	32	-1	403	-1	401	-1	-1
403	100	32	-1	404	-1	402	-1	-1
404	101	32	-1	405	-1	403	-1	-1
405	102	32	-1	406	-1	404	-1	-1
406	103	32	-1	407	-1	405	-1	-1
407	104	32	-1	408	-1	406	-1	-1
408	105	32	-1	409	-1	407	-1	-1
409	106	32	-1	410	-1	408	-1	-1
410	107	32	-1	411	-1	409	-1	-1
411	108	32	-1	336	-1	410	-1	-1
412	12	33	348	-1	416	-1	-1	-1
413	36	33	361	-1	417	-1	-1	-1
414	72	33	386	-1	418	-1	-1	-1
415	96	33	399	-1	419	-1	-1	-1
416	12	34	412	-1	420	-1	-1	-1
417	36	34	413	-1	421	-1	-1	-1
418	72	34	414	-1	422	-1	-1	-1
419	96	34	415	-1	423	-1	-1	-1
420	12	35	416	-1	424	-1	-1	-1
421	36	35	417	-1	425	-1	-1	-1
422	72	35	418	-1	426	-1	-1	-1
423	96	35	419	-1	427	-1	-1	-1
424	12	36	420	-1	428	-1	92	-1
425	36	36	421	-1	429	-1	-1	-1
426	72	36	422	-1	430	-1	-1	-1
427	96	36	423	-1	431	-1	93	-1
428	12	37	424	-1	432	-1	-1	-1
429	36	37	425	-1	433	-1	-1	-1
430	72	37	426	-1	434	-1	-1	-1
431	96	37	427	-1	435	-1	-1	-1
432	12	38	428	-1	436	-1	-1	-1
433	36	38	429	-1	437	-1	-1	-1
434	72	38	430	-1	438	-1	-1	-1
435	96	38	431	-1	439	-1	-1	-1
436	12	39	432	-1	440	-1	-1	-1
437	36	39	433	-1	441	-1	-1	-1
438	72	39	434	-1	442	-1	-1	-1
439	96	39	435	-1	443	-1	-1	-1
440	12	40	436	-1	444	-1	94	-1
441	36	40	437	-1	445	-1	-1	-1
442	72	40	438	-1	446	-1	-1	-1
443	96	40	439	-1	447	-1	95	-1
444	12	41	440	-1	448	-1	-1	-1
445	36	41	441	-1	449	-1	-1	-1
446	72	41	442	-1	450	-1	-1	-1
447	96	41	443	-1	451	-1	-1	-1
448	12	42	444	-1	452	-1	-1	-1
449	36	42	445	-1	453	-1	-1	-1
450	72	42	446	-1	454	-1	-1	-1
451	96	42	447	-1	455	-1	-1	-1
452	12	43	448	-1	456	-1	-1	-1
453	36	43	449	-1	480	-1	-1	-1
454	72	43	450	-1	516	-1	-1	-1
455	96	43	451	-1	540	-1	-1	-1
456	12	44	452	457	541	-1	96	-1
457	13	44	-1	458	-1	456	-1	-1
458	14	44	-1	459	-1	457	-1	-1
459	15	44	-1	460	-1	458	-1	-1
460	16	44	-1	461	-1	459	-1	-1
461	17	44	-1	462	-1	460	-1	-1
462	18	44	-1	463	-1	461	-1	-1
463	19	44	-1	464	-1	462	-1	-1
464	20	44	-1	465	-1	463	-1	-1
465	21	44	-1	466	-1	464	-1	-1
466	22	44	-1	467	-1	465	-1	-1
467	23	44	-1	468	-1	466	-1	-1
468	24	44	-1	469	-1	467	-1	-1
469	25	44	-1	470	-1	468	-1	-1
470	26	44	-1	471	-1	469	-1	-1
471	27	44	-1	472	-1	470	-1	-1
472	28	44	-1	473	-1	471	-1	-1
473	29	44	-1	474	-1	472	-1	-1
474	30	44	-1	475	-1	473	-1	-1
475	31	44	-1	476	-1	474	-1	-1
476	32	44	-1	477	-1	475	-1	-1
477	33	44	-1	478	-1	476	-1	-1
478	34	44	-1	479	-1	477	-1	-1
479	35	44	-1	480	-1	478	-1	-1
480	36	44	453	481	542	479	-1	-1
481	37	44	-1	482	-1	480	-1	-1
482	38	44	-1	483	-1	481	-1	-1
483	39	44	-1	484	-1	482	-1	-1
484	40	44	-1	485	-1	483	-1	-1
485	41	44	-1	486	-1	484	-1	-1
486	42	44	-1	487	-1	485	-1	-1
487	43	44	-1	488	-1	486	-1	-1
488	44	44	-1	489	-1	487	-1	-1
489	45	44	-1	490	-1	488	-1	-1
490	46	44	-1	491	-1	489	-1	-1
491	47	44	-1	492	-1	490	-1	-1
492	48	44	-1	493	-1	491	-1	-1
493	49	44	-1	494	-1	492	-1	-1
494	50	44	-1	495	-1	493	-1	-1
495	51	44	-1	496	-1	494	-1	-1
496	52	44	-1	497	-1	495	-1	-1
497	53	44	-1	498	-1	496	-1	-1
498	54	44	-1	499	-1	497	-1	-1
499	55	44	-1	500	-1	498	-1	-1
500	56	44	-1	501	-1	499	-1	-1
501	57	44	-1	502	-1	500	-1	-1
502	58	44	-1	503	-1	501	-1	-1
503	59	44	-1	504	-1	502	-1	-1
504	60	44	-1	505	-1	503	-1	-1
505	61	44	-1	506	-1	504	-1	-1
506	62	44	-1	507	-1	505	-1	-1
507	63	44	-1	508	-1	506	-1	-1
508	64	44	-1	509	-1	507	-1	-1
509	65	44	-1	510	-1	508	-1	-1
510	66	44	-1	511	-1	509	-1	-1
511	67	44	-1	512	-1	510	-1	-1
512	68	44	-1	513	-1	511	-1	-1
513	69	44	-1	514	-1	512	-1	-1
514	70	44	-1	515	-1	513	-1	-1
515	71	44	-1	516	-1	514	-1	-1
516	72	44	454	517	543	515	-1	-1
517	73	44	-1	518	-1	516	-1	-1
518	74	44	-1	519	-1	517	-1	-1
519	75	44	-1	520	-1	518	-1	-1
520	76	44	-1	521	-1	519	-1	-1
521	77	44	-1	522	-1	520	-1	-1
522	78	44	-1	523	-1	521	-1	-1
523	79	44	-1	524	-1	522	-1	-1
524	80	44	-1	525	-1	523	-1	-1
525	81	44	-1	526	-1	524	-1	-1
526	82	44	-1	527	-1	525	-1	-1
527	83	44	-1	528	-1	526	-1	-1
528	84	44	-1	529	-1	527	-1	-1
529	85	44	-1	530	-1	528	-1	-1
530	86	44	-1	531	-1	529	-1	-1
531	87	44	-1	532	-1	530	-1	-1
532	88	44	-1	533	-1	531	-1	-1
533	89	44	-1	534	-1	532	-1	-1
534	90	44	-1	535	-1	533	-1	-1
535	91	44	-1	536	-1	534	-1	-1
536	92	44	-1	537	-1	535	-1	-1
537	93	44	-1	538	-1	536	-1	-1
538	94	44	-1	539	-1	537	-1	-1
539	95	44	-1	540	-1	538	-1	-1
540	96	44	455	-1	544	539	97	-1
541	12	45	456	-1	545	-1	-1	-1
542	36	45	480	-1	546	-1	-1	-1
543	72	45	516	-1	547	-1	-1	-1
544	96	45	540	-1	548	-1	-1	-1
545	12	46	541	-1	549	-1	-1	-1
546	36	46	542	-1	550	-1	-1	-1
547	72	46	543	-1	551	-1	-1	-1
548	96	46	544	-1	552	-1	-1	-1
549	12	47	545	-1	553	-1	-1	-1
550	36	47	546	-1	554	-1	-1	-1
551	72	47	547	-1	555	-1	-1	-1
552	96	47	548	-1	556	-1	-1	-1
553	12	48	549	-1	557	-1	98	-1
554	36	48	550	-1	558	-1	-1	-1
555	72	48	551	-1	559	-1	-1	-1
556	96	48	552	-1	560	-1	99	-1
557	12	49	553	-1	561	-1	-1	-1
558	36	49	554	-1	562	-1	-1	-1
559	72	49	555	-1	563	-1	-1	-1
560	96	49	556	-1	564	-1	-1	-1
561	12	50	557	-1	565	-1	-1	-1
562	36	50	558	-1	566	-1	-1	-1
563	72	50	559	-1	567	-1	-1	-1
564	96	50	560	-1	568	-1	-1	-1
565	12	51	561	-1	569	-1	-1	-1
566	36	51	562	-1	570	-1	-1	-1
567	72	51	563	-1	571	-1	-1	-1
568	96	51	564	-1	572	-1	-1	-1
569	12	52	565	-1	573	-1	100	-1
570	36	52	566	-1	574	-1	-1	-1
571	72	52	567	-1	575	-1	-1	-1
572	96	52	568	-1	576	-1	101	-1
573	12	53	569	-1	577	-1	-1	-1
574	36	53	570	-1	578	-1	-1	-1
575	72	53	571	-1	579	-1	-1	-1
576	96	53	572	-1	580	-1	-1	-1
577	12	54	573	-1	581	-1	-1	-1
578	36	54	574	-1	582	-1	-1	-1
579	72	54	575	-1	583	-1	-1	-1
580	96	54	576	-1	584	-1	-1	-1
581	12	55	577	-1	585	-1	-1	-1
582	36	55	578	-1	598	-1	-1	-1
583	72	55	579	-1	599	-1	-1	-1
584	96	55	580	-1	612	-1	-1	-1
585	12	56	581	-1	613	-1	102	-1
586	24	56	-1	587	614	-1	-1	-1
587	25	56	-1	588	-1	586	-1	-1
588	26	56	-1	589	-1	587	-1	-1
589	27	56	-1	590	-1	588	-1	-1
590	28	56	-1	591	-1	589	-1	-1
591	29	56	-1	592	-1	590	-1	-1
592	30	56	-1	593	-1	591	-1	-1
593	31	56	-1	594	-1	592	-1	-1
594	32	56	-1	595	-1	593	-1	-1
595	33	56	-1	596	-1	594	-1	-1
596	34	56	-1	597	-1	595	-1	-1
597	35	56	-1	598	-1	596	-1	-1
598	36	56	582	-1	615	597	-1	-1
599	72	56	583	600	616	-1	-1	-1
600	73	56	-1	601	-1	599	-1	-1
601	74	56	-1	602	-1	600	-1	-1
602	75	56	-1	603	-1	601	-1	-1
603	76	56	-1	604	-1	602	-1	-1
604	77	56	-1	605	-1	603	-1	-1
605	78	56	-1	606	-1	604	-1	-1
606	79	56	-1	607	-1	605	-1	-1
607	80	56	-1	608	-1	606	-1	-1
608	81	56	-1	609	-1	607	-1	-1
609	82	56	-1	610	-1	608	-1	-1
610	83	56	-1	611	-1	609	-1	-1
611	84	56	-1	-1	617	610	-1	-1
612	96	56	584	-1	618	-1	103	-1
613	12	57	585	-1	619	-1	-1	-1
614	24	57	586	-1	620	-1	-1	-1
615	36	57	598	-1	621	-1	-1	-1
616	72	57	599	-1	622	-1	-1	-1
617	84	57	611	-1	623	-1	-1	-1
618	96	57	612	-1	624	-1	-1	-1
619	12	58	613	-1	625	-1	-1	-1
620	24	58	614	-1	626	-1	-1	-1
621	36	58	615	-1	627	-1	-1	-1
622	72	58	616	-1	628	-1	-1	-1
623	84	58	617	-1	629	-1	-1	-1
624	96	58	618	-1	630	-1	-1	-1
625	12	59	619	-1	631	-1	-1	-1
626	24	59	620	-1	632	-1	-1	-1
627	36	59	621	-1	633	-1	-1	-1
628	72	59	622	-1	634	-1	-1	-1
629	84	59	623	-1	635	-1	-1	-1
630	96	59	624	-1	636	-1	-1	-1
631	12	60	625	-1	637	-1	104	-1
632	24	60	626	-1	638	-1	-1	-1
633	36	60	627	-1	639	-1	-1	-1
634	72	60	628	-1	640	-1	-1	-1
635	84	60	629	-1	641	-1	-1	-1
636	96	60	630	-1	642	-1	105	-1
637	12	61	631	-1	643	-1	-1	-1
638	24	61	632	-1	644	-1	-1	-1
639	36	61	633	-1	645	-1	-1	-1
640	72	61	634	-1	646	-1	-1	-1
641	84	61	635	-1	647	-1	-1	-1
642	96	61	636	-1	648	-1	-1	-1
643	12	62	637	-1	649	-1	-1	-1
644	24	62	638	-1	650	-1	-1	-1
645	36	62	639	-1	651	-1	-1	-1
646	72	62	640	-1	652	-1	-1	-1
647	84	62	641	-1	653	-1	-1	-1
648	96	62	642	-1	654	-1	-1	-1
649	12	63	643	-1	655	-1	-1	-1
650	24	63	644	-1	656	-1	-1	-1
651	36	63	645	-1	657	-1	-1	-1
652	72	63	646	-1	658	-1	-1	-1
653	84	63	647	-1	659	-1	-1	-1
654	96	63	648	-1	660	-1	-1	-1
655	12	64	649	-1	661	-1	106	-1
656	24	64	650	-1	662	-1	-1	-1
657	36	64	651	-1	663	-1	-1	-1
658	72	64	652	-1	664	-1	-1	-1
659	84	64	653	-1	665	-1	-1	-1
660	96	64	654	-1	666	-1	107	-1
661	12	65	655	-1	667	-1	-1	-1
662	24	65	656	-1	668	-1	-1	-1
663	36	65	657	-1	669	-1	-1	-1
664	72	65	658	-1	670	-1	-1	-1
665	84	65	659	-1	671	-1	-1	-1
666	96	65	660	-1	672	-1	-1	-1
667	12	66	661	-1	673	-1	-1	-1
668	24	66	662	-1	674	-1	-1	-1
669	36	66	663	-1	675	-1	-1	-1
670	72	66	664	-1	676	-1	-1	-1
671	84	66	665	-1	677	-1	-1	-1
672	96	66	666	-1	678	-1	-1	-1
673	12	67	667	-1	691	-1	-1	-1
674	24	67	668	-1	703	-1	-1	-1
675	36	67	669	-1	704	-1	-1	-1
676	72	67	670	-1	740	-1	-1	-1
677	84	67	671	-1	741	-1	-1	-1
678	96	67	672	-1	753	-1	-1	-1
679	0	68	-1	680	-1	765	-1	-1
680	1	68	-1	681	-1	679	-1	-1
681	2	68	-1	682	-1	680	-1	-1
682	3	68	-1	683	-1	681	-1	-1
683	4	68	-1	684	-1	682	-1	-1
684	5	68	-1	685	-1	683	-1	-1
685	6	68	-1	686	-1	684	-1	-1
686	7	68	-1	687	-1	685	-1	-1
687	8	68	-1	688	-1	686	-1	-1
688	9	68	-1	689	-1	687	-1	-1
689	10	68	-1	690	-1	688	-1	-1
690	11	68	-1	691	-1	689	-1	-1
691	12	68	673	692	766	690	108	-1
692	13	68	-1	693	-1	691	-1	-1
693	14	68	-1	694	-1	692	-1	-1
694	15	68	-1	695	-1	693	-1	-1
695	16	68	-1	696	-1	694	-1	-1
696	17	68	-1	697	-1	695	-1	-1
697	18	68	-1	698	-1	696	-1	-1
698	19	68	-1	699	-1	697	-1	-1
699	20	68	-1	700	-1	698	-1	-1
700	21	68	-1	701	-1	699	-1	-1
701	22	68	-1	702	-1	700	-1	-1
702	23	68	-1	703	-1	701	-1	-1
703	24	68	674	-1	-1	702	-1	-1
704	36	68	675	705	-1	-1	-1	-1
705	37	68	-1	706	-1	704	-1	-1
706	38	68	-1	707	-1	705	-1	-1
707	39	68	-1	708	-1	706	-1	-1
708	40	68	-1	709	-1	707	-1	-1
709	41	68	-1	710	-1	708	-1	-1
710	42	68	-1	711	-1	709	-1	-1
711	43	68	-1	712	-1	710	-1	-1
712	44	68	-1	713	-1	711	-1	-1
713	45	68	-1	714	-1	712	-1	-1
714	46	68	-1	715	-1	713	-1	-1
715	47	68	-1	716	-1	714	-1	-1
716	48	68	-1	717	767	715	-1	-1
717	49	68	-1	718	-1	716	-1	-1
718	50	68	-1	719	-1	717	-1	-1
719	51	68	-1	720	-1	718	-1	-1
720	52	68	-1	721	-1	719	-1	-1
721	53	68	-1	722	-1	720	-1	-1
722	54	68	-1	723	-1	721	-1	-1
723	55	68	-1	724	-1	722	-1	-1
724	56	68	-1	725	-1	723	-1	-1
725	57	68	-1	726	-1	724	-1	-1
726	58	68	-1	727	-1	725	-1	-1
727	59	68	-1	728	-1	726	-1	-1
728	60	68	-1	729	768	727	-1	-1
729	61	68	-1	730	-1	728	-1	-1
730	62	68	-1	731	-1	729	-1	-1
731	63	68	-1	732	-1	730	-1	-1
732	64	68	-1	733	-1	731	-1	-1
733	65	68	-1	734	-1	732	-1	-1
734	66	68	-1	735	-1	733	-1	-1
735	67	68	-1	736	-1	734	-1	-1
736	68	68	-1	737	-1	735	-1	-1
737	69	68	-1	738	-1	736	-1	-1
738	70	68	-1	739	-1	737	-1	-1
739	71	68	-1	740	-1	738	-1	-1
740	72	68	676	-1	-1	739	-1	-1
741	84	68	677	742	-1	-1	-1	-1
742	85	68	-1	743	-1	741	-1	-1
743	86	68	-1	744	-1	742	-1	-1
744	87	68	-1	745	-1	743	-1	-1
745	88	68	-1	746	-1	744	-1	-1
746	89	68	-1	747	-1	745	-1	-1
747	90	68	-1	748	-1	746	-1	-1
748	91	68	-1	749	-1	747	-1	-1
749	92	68	-1	750	-1	748	-1	-1
750	93	68	-1	751	-1	749	-1	-1
751	94	68	-1	752	-1	750	-1	-1
752	95	68	-1	753	-1	751	-1	-1
753	96	68	678	754	769	752	109	-1
754	97	68	-1	755	-1	753	-1	-1
755	98	68	-1	756	-1	754	-1	-1
756	99	68	-1	757	-1	755	-1	-1
757	100	68	-1	758	-1	756	-1	-1
758	101	68	-1	759	-1	757	-1	-1
759	102	68	-1	760	-1	758	-1	-1
760	103	68	-1	761	-1	759	-1	-1
761	104	68	-1	762	-1	760	-1	-1
762	105	68	-1	763	-1	761	-1	-1
763	106	68	-1	764	-1	762	-1	-1
764	107	68	-1	765	-1	763	-1	-1
765	108	68	-1	679	-1	764	-1	-1
766	12	69	691	-1	770	-1	-1	-1
767	48	69	716	-1	771	-1	-1	-1
768	60	69	728	-1	772	-1	-1	-1
769	96	69	753	-1	773	-1	-1	-1
770	12	70	766	-1	774	-1	-1	-1
771	48	70	767	-1	775	-1	-1	-1
772	60	70	768	-1	776	-1	-1	-1
773	96	70	769	-1	777	-1	-1	-1
774	12	71	770	-1	778	-1	-1	-1
775	48	71	771	-1	779	-1	-1	-1
776	60	71	772	-1	780	-1	-1	-1
777	96	71	773	-1	781	-1	-1	-1
778	12	72	774	-1	782	-1	110	-1
779	48	72	775	-1	783	-1	-1	-1
780	60	72	776	-1	784	-1	-1	-1
781	96	72	777	-1	785	-1	111	-1
782	12	73	778	-1	786	-1	-1	-1
783	48	73	779	-1	787	-1	-1	-1
784	60	73	780	-1	788	-1	-1	-1
785	96	73	781	-1	789	-1	-1	-1
786	12	74	782	-1	790	-1	-1	-1
787	48	74	783	-1	791	-1	-1	-1
788	60	74	784	-1	792	-1	-1	-1
789	96	74	785	-1	793	-1	-1	-1
790	12	75	786	-1	794	-1	-1	-1
791	48	75	787	-1	795	-1	-1	-1
792	60	75	788	-1	796	-1	-1	-1
793	96	75	789	-1	797	-1	-1	-1
794	12	76	790	-1	798	-1	112	-1
795	48	76	791	-1	799	-1	-1	-1
796	60	76	792	-1	800	-1	-1	-1
797	96	76	793	-1	801	-1	113	-1
798	12	77	794	-1	802	-1	-1	-1
799	48	77	795	-1	803	-1	-1	-1
800	60	77	796	-1	804	-1	-1	-1
801	96	77	797	-1	805	-1	-1	-1
802	12	78	798	-1	806	-1	-1	-1
803	48	78	799	-1	807	-1	-1	-1
804	60	78	800	-1	808	-1	-1	-1
805	96	78	801	-1	809	-1	-1	-1
806	12	79	802	-1	810	-1	-1	-1
807	48	79	803	-1	846	-1	-1	-1
808	60	79	804	-1	847	-1	-1	-1
809	96	79	805	-1	883	-1	-1	-1
810	12	80	806	811	884	-1	114	-1
811	13	80	-1	812	-1	810	-1	-1
812	14	80	-1	813	-1	811	-1	-1
813	15	80	-1	814	-1	812	-1	-1
814	16	80	-1	815	-1	813	115	-1
815	17	80	-1	816	-1	814	-1	-1
816	18	80	-1	817	-1	815	-1	-1
817	19	80	-1	818	-1	816	-1	-1
818	20	80	-1	819	-1	817	116	-1
819	21	80	-1	820	-1	818	-1	-1
820	22	80	-1	821	-1	819	-1	-1
821	23	80	-1	822	-1	820	-1	-1
822	24	80	-1	823	-1	821	117	-1
823	25	80	-1	824	-1	822	-1	-1
824	26	80	-1	825	-1	823	-1	-1
825	27	80	-1	826	-1	824	-1	-1
826	28	80	-1	827	-1	825	118	-1
827	29	80	-1	828	-1	826	-1	-1
828	30	80	-1	829	-1	827	-1	-1
829	31	80	-1	830	-1	828	-1	-1
830	32	80	-1	831	-1	829	119	-1
831	33	80	-1	832	-1	830	-1	-1
832	34	80	-1	833	-1	831	-1	-1
833	35	80	-1	834	-1	832	-1	-1
834	36	80	-1	835	885	833	120	-1
835	37	80	-1	836	-1	834	-1	-1
836	38	80	-1	837	-1	835	-1	-1
837	39	80	-1	838	-1	836	-1	-1
838	40	80	-1	839	-1	837	-1	-1
839	41	80	-1	840	-1	838	-1	-1
840	42	80	-1	841	-1	839	-1	-1
841	43	80	-1	842	-1	840	-1	-1
842	44	80	-1	843	-1	841	-1	-1
843	45	80	-1	844	-1	842	-1	-1
844	46	80	-1	845	-1	843	-1	-1
845	47	80	-1	846	-1	844	-1	-1
846	48	80	807	-1	-1	845	-1	-1
847	60	80	808	848	-1	-1	-1	-1
848	61	80	-1	849	-1	847	-1	-1
849	62	80	-1	850	-1	848	-1	-1
850	63	80	-1	851	-1	849	-1	-1
851	64	80	-1	852	-1	850	-1	-1
852	65	80	-1	853	-1	851	-1	-1
853	66	80	-1	854	-1	852	-1	-1
854	67	80	-1	855	-1	853	-1	-1
855	68	80	-1	856	-1	854	-1	-1
856	69	80	-1	857	-1	855	-1	-1
857	70	80	-1	858	-1	856	-1	-1
858	71	80	-1	859	-1	857	-1	-1
859	72	80	-1	860	886	858	121	-1
860	73	80	-1	861	-1	859	-1	-1
861	74	80	-1	862	-1	860	-1	-1
862	75	80	-1	863	-1	861	-1	-1
863	76	80	-1	864	-1	862	122	-1
864	77	80	-1	865	-1	863	-1	-1
865	78	80	-1	866	-1	864	-1	-1
866	79	80	-1	867	-1	865	-1	-1
867	80	80	-1	868	-1	866	123	-1
868	81	80	-1	869	-1	867	-1	-1
869	82	80	-1	870	-1	868	-1	-1
870	83	80	-1	871	-1	869	-1	-1
871	84	80	-1	872	-1	870	124	-1
872	85	80	-1	873	-1	871	-1	-1
873	86	80	-1	874	-1	872	-1	-1
874	87	80	-1	875	-1	873	-1	-1
875	88	80	-1	876	-1	874	125	-1
876	89	80	-1	877	-1	875	-1	-1
877	90	80	-1	878	-1	876	-1	-1
878	91	80	-1	879	-1	877	-1	-1
879	92	80	-1	880	-1	878	126	-1
880	93	80	-1	881	-1	879	-1	-1
881	94	80	-1	882	-1	880	-1	-1
882	95	80	-1	883	-1	881	-1	-1
883	96	80	809	-1	887	882	127	-1
884	12	81	810	-1	888	-1	-1	-1
885	36	81	834	-1	889	-1	-1	-1
886	72	81	859	-1	890	-1	-1	-1
887	96	81	883	-1	891	-1	-1	-1
888	12	82	884	-1	892	-1	-1	-1
889	36	82	885	-1	893	-1	-1	-1
890	72	82	886	-1	894	-1	-1	-1
891	96	82	887	-1	895	-1	-1	-1
892	12	83	888	-1	896	-1	-1	-1
893	36	83	889	-1	897	-1	-1	-1
894	72	83	890	-1	898	-1	-1	-1
895	96	83	891	-1	899	-1	-1	-1
896	12	84	892	-1	900	-1	128	-1
897	36	84	893	-1	901	-1	129	-1
898	72	84	894	-1	902	-1	130	-1
899	96	84	895	-1	903	-1	131	-1
900	12	85	896	-1	904	-1	-1	-1
901	36	85	897	-1	905	-1	-1	-1
902	72	85	898	-1	906	-1	-1	-1
903	96	85	899	-1	907	-1	-1	-1
904	12	86	900	-1	908	-1	-1	-1
905	36	86	901	-1	909	-1	-1	-1
906	72	86	902	-1	910	-1	-1	-1
907	96	86	903	-1	911	-1	-1	-1
908	12	87	904	-1	912	-1	-1	-1
909	36	87	905	-1	913	-1	-1	-1
910	72	87	906	-1	914	-1	-1	-1
911	96	87	907	-1	915	-1	-1	-1
912	12	88	908	-1	916	-1	132	-1
913	36	88	909	-1	917	-1	133	-1
914	72	88	910	-1	918	-1	134	-1
915	96	88	911	-1	919	-1	135	-1
916	12	89	912	-1	920	-1	-1	-1
917	36	89	913	-1	921	-1	-1	-1
918	72	89	914	-1	922	-1	-1	-1
919	96	89	915	-1	923	-1	-1	-1
920	12	90	916	-1	924	-1	-1	-1
921	36	90	917	-1	925	-1	-1	-1
922	72	90	918	-1	926	-1	-1	-1
923	96	90	919	-1	927	-1	-1	-1
924	12	91	920	-1	936	-1	-1	-1
925	36	91	921	-1	960	-1	-1	-1
926	72	91	922	-1	996	-1	-1	-1
927	96	91	923	-1	1020	-1	-1	-1
928	4	92	-1	929	1029	-1	136	-1
929	5	92	-1	930	-1	928	-1	-1
930	6	92	-1	931	-1	929	-1	-1
931	7	92	-1	932	-1	930	-1	-1
932	8	92	-1	933	-1	931	137	-1
933	9	92	-1	934	-1	932	-1	-1
934	10	92	-1	935	-1	933	-1	-1
935	11	92	-1	936	-1	934	-1	-1
936	12	92	924	937	-1	935	138	-1
937	13	92	-1	938	-1	936	-1	-1
938	14	92	-1	939	-1	937	-1	-1
939	15	92	-1	940	-1	938	-1	-1
940	16	92	-1	941	-1	939	139	-1
941	17	92	-1	942	-1	940	-1	-1
942	18	92	-1	943	-1	941	-1	-1
943	19	92	-1	944	-1	942	-1	-1
944	20	92	-1	945	-1	943	140	-1
945	21	92	-1	946	-1	944	-1	-1
946	22	92	-1	947	-1	945	-1	-1
947	23	92	-1	948	-1	946	-1	-1
948	24	92	-1	949	1030	947	141	-1
949	25	92	-1	950	-1	948	-1	-1
950	26	92	-1	951	-1	949	-1	-1
951	27	92	-1	952	-1	950	-1	-1
952	28	92	-1	953	-1	951	142	-1
953	29	92	-1	954	-1	952	-1	-1
954	30	92	-1	955	-1	953	-1	-1
955	31	92	-1	956	-1	954	-1	-1
956	32	92	-1	957	-1	955	143	-1
957	33	92	-1	958	-1	956	-1	-1
958	34	92	-1	959	-1	957	-1	-1
959	35	92	-1	960	-1	958	-1	-1
960	36	92	925	961	-1	959	144	-1
961	37	92	-1	962	-1	960	-1	-1
962	38	92	-1	963	-1	961	-1	-1
963	39	92	-1	964	-1	962	-1	-1
964	40	92	-1	965	-1	963	145	-1
965	41	92	-1	966	-1	964	-1	-1
966	42	92	-1	967	-1	965	-1	-1
967	43	92	-1	968	-1	966	-1	-1
968	44	92	-1	969	-1	967	146	-1
969	45	92	-1	970	-1	968	-1	-1
970	46	92	-1	971	-1	969	-1	-1
971	47	92	-1	972	-1	970	-1	-1
972	48	92	-1	973	1031	971	147	-1
973	49	92	-1	974	-1	972	-1	-1
974	50	92	-1	975	-1	973	-1	-1
975	51	92	-1	976	-1	974	-1	-1
976	52	92	-1	977	-1	975	-1	-1
977	53	92	-1	978	-1	976	-1	-1
978	54	92	-1	979	-1	977	-1	-1
979	55	92	-1	980	-1	978	-1	-1
980	56	92	-1	981	-1	979	-1	-1
981	57	92	-1	982	-1	980	-1	-1
982	58	92	-1	983	-1	981	-1	-1
983	59	92	-1	984	-1	982	-1	-1
984	60	92	-1	985	1032	983	148	-1
985	61	92	-1	986	-1	984	-1	-1
986	62	92	-1	987	-1	985	-1	-1
987	63	92	-1	988	-1	986	-1	-1
988	64	92	-1	989	-1	987	149	-1
989	65	92	-1	990	-1	988	-1	-1
990	66	92	-1	991	-1	989	-1	-1
991	67	92	-1	992	-1	990	-1	-1
992	68	92	-1	993	-1	991	150	-1
993	69	92	-1	994	-1	992	-1	-1
994	70	92	-1	995	-1	993	-1	-1
995	71	92	-1	996	-1	994	-1	-1
996	72	92	926	997	-1	995	151	-1
997	73	92	-1	998	-1	996	-1	-1
998	74	92	-1	999	-1	997	-1	-1
999	75	92	-1	1000	-1	998	-1	-1
1000	76	92	-1	1001	-1	999	152	-1
1001	77	92	-1	1002	-1	1000	-1	-1
1002	78	92	-1	1003	-1	1001	-1	-1
1003	79	92	-1	1004	-1	1002	-1	-1
1004	80	92	-1	1005	-1	1003	153	-1
1005	81	92	-1	1006	-1	1004	-1	-1
1006	82	92	-1	1007	-1	1005	-1	-1
1007	83	92	-1	1008	-1	1006	-1	-1
1008	84	92	-1	1009	1033	1007	154	-1
1009	85	92	-1	1010	-1	1008	-1	-1
1010	86	92	-1	1011	-1	1009	-1	-1
1011	87	92	-1	1012	-1	1010	-1	-1
1012	88	92	-1	1013	-1	1011	155	-1
1013	89	92	-1	1014	-1	1012	-1	-1
1014	90	92	-1	1015	-1	1013	-1	-1
1015	91	92	-1	1016	-1	1014	-1	-1
1016	92	92	-1	1017	-1	1015	156	-1
1017	93	92	-1	1018	-1	1016	-1	-1
1018	94	92	-1	1019	-1	1017	-1	-1
1019	95	92	-1	1020	-1	1018	-1	-1
1020	96	92	927	1021	-1	1019	157	-1
1021	97	92	-1	1022	-1	1020	-1	-1
1022	98	92	-1	1023	-1	1021	-1	-1
1023	99	92	-1	1024	-1	1022	-1	-1
1024	100	92	-1	1025	-1	1023	158	-1
1025	101	92	-1	1026	-1	1024	-1	-1
1026	102	92	-1	1027	-1	1025	-1	-1
1027	103	92	-1	1028	-1	1026	-1	-1
1028	104	92	-1	-1	1034	1027	159	-1
1029	4	93	928	-1	1035	-1	-1	-1
1030	24	93	948	-1	1036	-1	-1	-1
1031	48	93	972	-1	1037	-1	-1	-1
1032	60	93	984	-1	1038	-1	-1	-1
1033	84	93	1008	-1	1039	-1	-1	-1
1034	104	93	1028	-1	1040	-1	-1	-1
1035	4	94	1029	-1	1041	-1	-1	-1
1036	24	94	1030	-1	1042	-1	-1	-1
1037	48	94	1031	-1	1043	-1	-1	-1
1038	60	94	1032	-1	1044	-1	-1	-1
1039	84	94	1033	-1	1045	-1	-1	-1
1040	104	94	1034	-1	1046	-1	-1	-1
1041	4	95	1035	-1	1047	-1	-1	-1
1042	24	95	1036	-1	1048	-1	-1	-1
1043	48	95	1037	-1	1049	-1	-1	-1
1044	60	95	1038	-1	1050	-1	-1	-1
1045	84	95	1039	-1	1051	-1	-1	-1
1046	104	95	1040	-1	1052	-1	-1	-1
1047	4	96	1041	-1	1053	-1	160	-1
1048	24	96	1042	-1	1054	-1	161	-1
1049	48	96	1043	-1	1055	-1	162	-1
1050	60	96	1044	-1	1056	-1	163	-1
1051	84	96	1045	-1	1057	-1	164	-1
1052	104	96	1046	-1	1058	-1	165	-1
1053	4	97	1047	-1	1059	-1	-1	-1
1054	24	97	1048	-1	1060	-1	-1	-1
1055	48	97	1049	-1	1061	-1	-1	-1
1056	60	97	1050	-1	1062	-1	-1	-1
1057	84	97	1051	-1	1063	-1	-1	-1
1058	104	97	1052	-1	1064	-1	-1	-1
1059	4	98	1053	-1	1065	-1	-1	-1
1060	24	98	1054	-1	1066	-1	-1	-1
1061	48	98	1055	-1	1067	-1	-1	-1
1062	60	98	1056	-1	1068	-1	-1	-1
1063	84	98	1057	-1	1069	-1	-1	-1
1064	104	98	1058	-1	1070	-1	-1	-1
1065	4	99	1059	-1	1071	-1	-1	-1
1066	24	99	1060	-1	1072	-1	-1	-1
1067	48	99	1061	-1	1073	-1	-1	-1
1068	60	99	1062	-1	1074	-1	-1	-1
1069	84	99	1063	-1	1075	-1	-1	-1
1070	104	99	1064	-1	1076	-1	-1	-1
1071	4	100	1065	-1	1077	-1	166	-1
1072	24	100	1066	-1	1078	-1	167	-1
1073	48	100	1067	-1	1079	-1	168	-1
1074	60	100	1068	-1	1080	-1	169	-1
1075	84	100	1069	-1	1081	-1	170	-1
1076	104	100	1070	-1	1082	-1	171	-1
1077	4	101	1071	-1	1083	-1	-1	-1
1078	24	101	1072	-1	1084	-1	-1	-1
1079	48	101	1073	-1	1085	-1	-1	-1
1080	60	101	1074	-1	1086	-1	-1	-1
1081	84	101	1075	-1	1087	-1	-1	-1
1082	104	101	1076	-1	1088	-1	-1	-1
1083	4	102	1077	-1	1089	-1	-1	-1
1084	24	102	1078	-1	1090	-1	-1	-1
1085	48	102	1079	-1	1091	-1	-1	-1
1086	60	102	1080	-1	1092	-1	-1	-1
1087	84	102	1081	-1	1093	-1	-1	-1
1088	104	102	1082	-1	1094	-1	-1	-1
1089	4	103	1083	-1	1095	-1	-1	-1
1090	24	103	1084	-1	1096	-1	-1	-1
1091	48	103	1085	-1	1109	-1	-1	-1
1092	60	103	1086	-1	1110	-1	-1	-1
1093	84	103	1087	-1	1123	-1	-1	-1
1094	104	103	1088	-1	1124	-1	-1	-1
1095	4	104	1089	-1	1125	-1	172	-1
1096	24	104	1090	-1	1126	-1	173	-1
1097	36	104	-1	1098	1127	-1	174	-1
1098	37	104	-1	1099	-1	1097	-1	-1
1099	38	104	-1	1100	-1	1098	-1	-1
1100	39	104	-1	1101	-1	1099	-1	-1
1101	40	104	-1	1102	-1	1100	175	-1
1102	41	104	-1	1103	-1	1101	-1	-1
1103	42	104	-1	1104	-1	1102	-1	-1
1104	43	104	-1	1105	-1	1103	-1	-1
1105	44	104	-1	1106	-1	1104	176	-1
1106	45	104	-1	1107	-1	1105	-1	-1
1107	46	104	-1	1108	-1	1106	-1	-1
1108	47	104	-1	1109	-1	1107	-1	-1
1109	48	104	1091	-1	-1	1108	177	-1
1110	60	104	1092	1111	-1	-1	178	-1
1111	61	104	-1	1112	-1	1110	-1	-1
1112	62	104	-1	1113	-1	1111	-1	-1
1113	63	104	-1	1114	-1	1112	-1	-1
1114	64	104	-1	1115	-1	1113	179	-1
1115	65	104	-1	1116	-1	1114	-1	-1
1116	66	104	-1	1117	-1	1115	-1	-1
1117	67	104	-1	1118	-1	1116	-1	-1
1118	68	104	-1	1119	-1	1117	180	-1
1119	69	104	-1	1120	-1	1118	-1	-1
1120	70	104	-1	1121	-1	1119	-1	-1
1121	71	104	-1	1122	-1	1120	-1	-1
1122	72	104	-1	-1	1128	1121	181	-1
1123	84	104	1093	-1	1129	-1	182	-1
1124	104	104	1094	-1	1130	-1	183	-1
1125	4	105	1095	-1	1131	-1	-1	-1
1126	24	105	1096	-1	1132	-1	-1	-1
1127	36	105	1097	-1	1133	-1	-1	-1
1128	72	105	1122	-1	1134	-1	-1	-1
1129	84	105	1123	-1	1135	-1	-1	-1
1130	104	105	1124	-1	1136	-1	-1	-1
1131	4	106	1125	-1	1137	-1	-1	-1
1132	24	106	1126	-1	1138	-1	-1	-1
1133	36	106	1127	-1	1139	-1	-1	-1
1134	72	106	1128	-1	1140	-1	-1	-1
1135	84	106	1129	-1	1141	-1	-1	-1
1136	104	106	1130	-1	1142	-1	-1	-1
1137	4	107	1131	-1	1143	-1	-1	-1
1138	24	107	1132	-1	1144	-1	-1	-1
1139	36	107	1133	-1	1145	-1	-1	-1
1140	72	107	1134	-1	1146	-1	-1	-1
1141	84	107	1135	-1	1147	-1	-1	-1
1142	104	107	1136	-1	1148	-1	-1	-1
1143	4	108	1137	-1	1149	-1	-1	2
1144	24	108	1138	-1	1150	-1	184	-1
1145	36	108	1139	-1	1151	-1	185	-1
1146	72	108	1140	-1	1152	-1	186	-1
1147	84	108	1141	-1	1153	-1	187	-1
1148	104	108	1142	-1	1154	-1	-1	3
1149	4	109	1143	-1	1155	-1	-1	-1
1150	24	109	1144	-1	1156	-1	-1	-1
1151	36	109	1145	-1	1157	-1	-1	-1
1152	72	109	1146	-1	1158	-1	-1	-1
1153	84	109	1147	-1	1159	-1	-1	-1
1154	104	109	1148	-1	1160	-1	-1	-1
1155	4	110	1149	-1	1161	-1	-1	-1
1156	24	110	1150	-1	1162	-1	-1	-1
1157	36	110	1151	-1	1163	-1	-1	-1
1158	72	110	1152	-1	1164	-1	-1	-1
1159	84	110	1153	-1	1165	-1	-1	-1
1160	104	110	1154	-1	1166	-1	-1	-1
1161	4	111	1155	-1	1167	-1	-1	-1
1162	24	111	1156	-1	1168	-1	-1	-1
1163	36	111	1157	-1	1169	-1	-1	-1
1164	72	111	1158	-1	1170	-1	-1	-1
1165	84	111	1159	-1	1171	-1	-1	-1
1166	104	111	1160	-1	1172	-1	-1	-1
1167	4	112	1161	-1	1173	-1	188	-1
1168	24	112	1162	-1	1174	-1	189	-1
1169	36	112	1163	-1	1175	-1	190	-1
1170	72	112	1164	-1	1176	-1	191	-1
1171	84	112	1165	-1	1177	-1	192	-1
1172	104	112	1166	-1	1178	-1	193	-1
1173	4	113	1167	-1	1179	-1	-1	-1
1174	24	113	1168	-1	1180	-1	-1	-1
1175	36	113	1169	-1	1181	-1	-1	-1
1176	72	113	1170	-1	1182	-1	-1	-1
1177	84	113	1171	-1	1183	-1	-1	-1
1178	104	113	1172	-1	1184	-1	-1	-1
1179	4	114	1173	-1	1185	-1	-1	-1
1180	24	114	1174	-1	1186	-1	-1	-1
1181	36	114	1175	-1	1187	-1	-1	-1
1182	72	114	1176	-1	1188	-1	-1	-1
1183	84	114	1177	-1	1189	-1	-1	-1
1184	104	114	1178	-1	1190	-1	-1	-1
1185	4	115	1179	-1	1191	-1	-1	-1
1186	24	115	1180	-1	1211	-1	-1	-1
1187	36	115	1181	-1	1223	-1	-1	-1
1188	72	115	1182	-1	1259	-1	-1	-1
1189	84	115	1183	-1	1271	-1	-1	-1
1190	104	115	1184	-1	1291	-1	-1	-1
1191	4	116	1185	1192	-1	-1	194	-1
1192	5	116	-1	1193	-1	1191	-1	-1
1193	6	116	-1	1194	-1	1192	-1	-1
1194	7	116	-1	1195	-1	1193	-1	-1
1195	8	116	-1	1196	-1	1194	195	-1
1196	9	116	-1	1197	-1	1195	-1	-1
1197	10	116	-1	1198	-1	1196	-1	-1
1198	11	116	-1	1199	-1	1197	-1	-1
1199	12	116	-1	1200	-1	1198	196	-1
1200	13	116	-1	1201	-1	1199	-1	-1
1201	14	116	-1	1202	-1	1200	-1	-1
1202	15	116	-1	1203	-1	1201	-1	-1
1203	16	116	-1	1204	-1	1202	197	-1
1204	17	116	-1	1205	-1	1203	-1	-1
1205	18	116	-1	1206	-1	1204	-1	-1
1206	19	116	-1	1207	-1	1205	-1	-1
1207	20	116	-1	1208	-1	1206	198	-1
1208	21	116	-1	1209	-1	1207	-1	-1
1209	22	116	-1	1210	-1	1208	-1	-1
1210	23	116	-1	1211	-1	1209	-1	-1
1211	24	116	1186	1212	-1	1210	199	-1
1212	25	116	-1	1213	-1	1211	-1	-1
1213	26	116	-1	1214	-1	1212	-1	-1
1214	27	116	-1	1215	-1	1213	-1	-1
1215	28	116	-1	1216	-1	1214	200	-1
1216	29	116	-1	1217	-1	1215	-1	-1
1217	30	116	-1	1218	-1	1216	-1	-1
1218	31	116	-1	1219	-1	1217	-1	-1
1219	32	116	-1	1220	-1	1218	201	-1
1220	33	116	-1	1221	-1	1219	-1	-1
1221	34	116	-1	1222	-1	1220	-1	-1
1222	35	116	-1	1223	-1	1221	-1	-1
1223	36	116	1187	1224	-1	1222	202	-1
1224	37	116	-1	1225	-1	1223	-1	-1
1225	38	116	-1	1226	-1	1224	-1	-1
1226	39	116	-1	1227	-1	1225	-1	-1
1227	40	116	-1	1228	-1	1226	203	-1
1228	41	116	-1	1229	-1	1227	-1	-1
1229	42	116	-1	1230	-1	1228	-1	-1
1230	43	116	-1	1231	-1	1229	-1	-1
1231	44	116	-1	1232	-1	1230	204	-1
1232	45	116	-1	1233	-1	1231	-1	-1
1233	46	116	-1	1234	-1	1232	-1	-1
1234	47	116	-1	1235	-1	1233	-1	-1
1235	48	116	-1	1236	-1	1234	205	-1
1236	49	116	-1	1237	-1	1235	-1	-1
1237	50	116	-1	1238	-1	1236	-1	-1
1238	51	116	-1	1239	-1	1237	-1	-1
1239	52	116	-1	1240	-1	1238	206	-1
1240	53	116	-1	1241	-1	1239	-1	-1
1241	54	116	-1	1242	-1	1240	-1	-1
1242	55	116	-1	1243	-1	1241	-1	-1
1243	56	116	-1	1244	-1	1242	207	-1
1244	57	116	-1	1245	-1	1243	-1	-1
1245	58	116	-1	1246	-1	1244	-1	-1
1246	59	116	-1	1247	-1	1245	-1	-1
1247	60	116	-1	1248	-1	1246	208	-1
1248	61	116	-1	1249	-1	1247	-1	-1
1249	62	116	-1	1250	-1	1248	-1	-1
1250	63	116	-1	1251	-1	1249	-1	-1
1251	64	116	-1	1252	-1	1250	209	-1
1252	65	116	-1	1253	-1	1251	-1	-1
1253	66	116	-1	1254	-1	1252	-1	-1
1254	67	116	-1	1255	-1	1253	-1	-1
1255	68	116	-1	1256	-1	1254	210	-1
1256	69	116	-1	1257	-1	1255	-1	-1
1257	70	116	-1	1258	-1	1256	-1	-1
1258	71	116	-1	1259	-1	1257	-1	-1
1259	72	116	1188	1260	-1	1258	211	-1
1260	73	116	-1	1261	-1	1259	-1	-1
1261	74	116	-1	1262	-1	1260	-1	-1
1262	75	116	-1	1263	-1	1261	-1	-1
1263	76	116	-1	1264	-1	1262	212	-1
1264	77	116	-1	1265	-1	1263	-1	-1
1265	78	116	-1	1266	-1	1264	-1	-1
1266	79	116	-1	1267	-1	1265	-1	-1
1267	80	116	-1	1268	-1	1266	213	-1
1268	81	116	-1	1269	-1	1267	-1	-1
1269	82	116	-1	1270	-1	1268	-1	-1
1270	83	116	-1	1271	-1	1269	-1	-1
1271	84	116	1189	1272	-1	1270	214	-1
1272	85	116	-1	1273	-1	1271	-1	-1
1273	86	116	-1	1274	-1	1272	-1	-1
1274	87	116	-1	1275	-1	1273	-1	-1
1275	88	116	-1	1276	-1	1274	215	-1
1276	89	116	-1	1277	-1	1275	-1	-1
1277	90	116	-1	1278	-1	1276	-1	-1
1278	91	116	-1	1279	-1	1277	-1	-1
1279	92	116	-1	1280	-1	1278	216	-1
1280	93	116	-1	1281	-1	1279	-1	-1
1281	94	116	-1	1282	-1	1280	-1	-1
1282	95	116	-1	1283	-1	1281	-1	-1
1283	96	116	-1	1284	-1	1282	217	-1
1284	97	116	-1	1285	-1	1283	-1	-1
1285	98	116	-1	1286	-1	1284	-1	-1
1286	99	116	-1	1287	-1	1285	-1	-1
1287	100	116	-1	1288	-1	1286	218	-1
1288	101	116	-1	1289	-1	1287	-1	-1
1289	102	116	-1	1290	-1	1288	-1	-1
1290	103	116	-1	1291	-1	1289	-1	-1
1291	104	116	1190	-1	-1	1290	219	-1
1292	50	56	-1	-1	-1	-1	-1	-1
