b	973	1318	493	1319	240	4	36
0	0	4	-1	1	-1	86	-1	-1
1	1	4	-1	2	-1	0	-1	-1
2	2	4	-1	3	-1	1	-1	-1
3	3	4	-1	4	-1	2	-1	-1
4	4	4	-1	5	-1	3	-1	-1
5	5	4	-1	6	-1	4	-1	-1
6	6	4	-1	7	-1	5	-1	-1
7	7	4	-1	8	-1	6	-1	-1
8	8	4	-1	9	-1	7	-1	-1
9	9	4	-1	10	-1	8	-1	-1
10	10	4	-1	11	-1	9	-1	-1
11	11	4	-1	12	-1	10	-1	-1
12	12	4	-1	13	-1	11	-1	-1
13	13	4	-1	14	-1	12	-1	-1
14	14	4	-1	15	-1	13	-1	-1
15	15	4	-1	16	-1	14	-1	-1
16	16	4	-1	17	-1	15	-1	-1
17	17	4	-1	18	-1	16	-1	-1
18	18	4	-1	19	-1	17	-1	-1
19	19	4	-1	20	-1	18	-1	-1
20	20	4	-1	21	-1	19	-1	-1
21	21	4	-1	22	-1	20	-1	-1
22	22	4	-1	23	-1	21	-1	-1
23	23	4	-1	24	-1	22	-1	-1
24	24	4	-1	-1	87	23	-1	-1
25	36	4	-1	26	88	-1	0	-1
26	37	4	-1	27	-1	25	-1	-1
27	38	4	-1	28	-1	26	-1	-1
28	39	4	-1	29	-1	27	-1	-1
29	40	4	-1	30	-1	28	1	-1
30	41	4	-1	31	-1	29	-1	-1
31	42	4	-1	32	-1	30	-1	-1
32	43	4	-1	33	-1	31	-1	-1
33	44	4	-1	34	-1	32	2	-1
34	45	4	-1	35	-1	33	-1	-1
35	46	4	-1	36	-1	34	-1	-1
36	47	4	-1	37	-1	35	-1	-1
37	48	4	-1	38	-1	36	3	-1
38	49	4	-1	39	-1	37	-1	-1
39	50	4	-1	40	-1	38	-1	-1
40	51	4	-1	41	-1	39	-1	-1
41	52	4	-1	42	-1	40	4	-1
42	53	4	-1	43	-1	41	-1	-1
43	54	4	-1	44	-1	42	-1	-1
44	55	4	-1	45	-1	43	-1	-1
45	56	4	-1	46	-1	44	5	-1
46	57	4	-1	47	-1	45	-1	-1
47	58	4	-1	48	-1	46	-1	-1
48	59	4	-1	49	-1	47	-1	-1
49	60	4	-1	50	-1	48	6	-1
50	61	4	-1	51	-1	49	-1	-1
51	62	4	-1	52	-1	50	-1	-1
52	63	4	-1	53	-1	51	-1	-1
53	64	4	-1	54	-1	52	7	-1
54	65	4	-1	55	-1	53	-1	-1
55	66	4	-1	56	-1	54	-1	-1
56	67	4	-1	57	-1	55	-1	-1
57	68	4	-1	58	-1	56	8	-1
58	69	4	-1	59	-1	57	-1	-1
59	70	4	-1	60	-1	58	-1	-1
60	71	4	-1	61	-1	59	-1	-1
61	72	4	-1	-1	89	60	9	-1
62	84	4	-1	63	90	-1	-1	-1
63	85	4	-1	64	-1	62	-1	-1
64	86	4	-1	65	-1	63	-1	-1
65	87	4	-1	66	-1	64	-1	-1
66	88	4	-1	67	-1	65	-1	-1
67	89	4	-1	68	-1	66	-1	-1
68	90	4	-1	69	-1	67	-1	-1
69	91	4	-1	70	-1	68	-1	-1
70	92	4	-1	71	-1	69	-1	-1
71	93	4	-1	72	-1	70	-1	-1
72	94	4	-1	73	-1	71	-1	-1
73	95	4	-1	74	-1	72	-1	-1
74	96	4	-1	75	-1	73	-1	-1
75	97	4	-1	76	-1	74	-1	-1
76	98	4	-1	77	-1	75	-1	-1
77	99	4	-1	78	-1	76	-1	-1
78	100	4	-1	79	-1	77	-1	-1
79	101	4	-1	80	-1	78	-1	-1
80	102	4	-1	81	-1	79	-1	-1
81	103	4	-1	82	-1	80	-1	-1
82	104	4	-1	83	-1	81	-1	-1
83	105	4	-1	84	-1	82	-1	-1
84	106	4	-1	85	-1	83	-1	-1
85	107	4	-1	86	-1	84	-1	-1
86	108	4	-1	0	-1	85	-1	-1
87	24	5	24	-1	91	-1	-1	-1
88	36	5	25	-1	92	-1	-1	-1
89	72	5	61	-1	93	-1	-1	-1
90	84	5	62	-1	94	-1	-1	-1
91	24	6	87	-1	95	-1	-1	-1
92	36	6	88	-1	96	-1	-1	-1
93	72	6	89	-1	97	-1	-1	-1
94	84	6	90	-1	98	-1	-1	-1
95	24	7	91	-1	99	-1	-1	-1
96	36	7	92	-1	100	-1	-1	-1
97	72	7	93	-1	101	-1	-1	-1
98	84	7	94	-1	102	-1	-1	-1
99	24	8	95	-1	103	-1	-1	-1
100	36	8	96	-1	104	-1	10	-1
101	72	8	97	-1	105	-1	11	-1
102	84	8	98	-1	106	-1	-1	-1
103	24	9	99	-1	107	-1	-1	-1
104	36	9	100	-1	108	-1	-1	-1
105	72	9	101	-1	109	-1	-1	-1
106	84	9	102	-1	110	-1	-1	-1
107	24	10	103	-1	111	-1	-1	-1
108	36	10	104	-1	112	-1	-1	-1
109	72	10	105	-1	113	-1	-1	-1
110	84	10	106	-1	114	-1	-1	-1
111	24	11	107	-1	115	-1	-1	-1
112	36	11	108	-1	116	-1	-1	-1
113	72	11	109	-1	117	-1	-1	-1
114	84	11	110	-1	118	-1	-1	-1
115	24	12	111	-1	119	-1	-1	-1
116	36	12	112	-1	120	-1	12	-1
117	72	12	113	-1	121	-1	13	-1
118	84	12	114	-1	122	-1	-1	-1
119	24	13	115	-1	123	-1	-1	-1
120	36	13	116	-1	124	-1	-1	-1
121	72	13	117	-1	125	-1	-1	-1
122	84	13	118	-1	126	-1	-1	-1
123	24	14	119	-1	127	-1	-1	-1
124	36	14	120	-1	128	-1	-1	-1
125	72	14	121	-1	129	-1	-1	-1
126	84	14	122	-1	130	-1	-1	-1
127	24	15	123	-1	151	-1	-1	-1
128	36	15	124	-1	163	-1	-1	-1
129	72	15	125	-1	188	-1	-1	-1
130	84	15	126	-1	200	-1	-1	-1
131	4	16	-1	132	221	-1	-1	0
132	5	16	-1	133	-1	131	-1	-1
133	6	16	-1	134	-1	132	-1	-1
134	7	16	-1	135	-1	133	-1	-1
135	8	16	-1	136	-1	134	14	-1
136	9	16	-1	137	-1	135	-1	-1
137	10	16	-1	138	-1	136	-1	-1
138	11	16	-1	139	-1	137	-1	-1
139	12	16	-1	140	-1	138	15	-1
140	13	16	-1	141	-1	139	-1	-1
141	14	16	-1	142	-1	140	-1	-1
142	15	16	-1	143	-1	141	-1	-1
143	16	16	-1	144	-1	142	16	-1
144	17	16	-1	145	-1	143	-1	-1
145	18	16	-1	146	-1	144	-1	-1
146	19	16	-1	147	-1	145	-1	-1
147	20	16	-1	148	-1	146	17	-1
148	21	16	-1	149	-1	147	-1	-1
149	22	16	-1	150	-1	148	-1	-1
150	23	16	-1	151	-1	149	-1	-1
151	24	16	127	152	-1	150	18	-1
152	25	16	-1	153	-1	151	-1	-1
153	26	16	-1	154	-1	152	-1	-1
154	27	16	-1	155	-1	153	-1	-1
155	28	16	-1	156	-1	154	19	-1
156	29	16	-1	157	-1	155	-1	-1
157	30	16	-1	158	-1	156	-1	-1
158	31	16	-1	159	-1	157	-1	-1
159	32	16	-1	160	-1	158	20	-1
160	33	16	-1	161	-1	159	-1	-1
161	34	16	-1	162	-1	160	-1	-1
162	35	16	-1	163	-1	161	-1	-1
163	36	16	128	164	222	162	21	-1
164	37	16	-1	165	-1	163	-1	-1
165	38	16	-1	166	-1	164	-1	-1
166	39	16	-1	167	-1	165	-1	-1
167	40	16	-1	168	-1	166	22	-1
168	41	16	-1	169	-1	167	-1	-1
169	42	16	-1	170	-1	168	-1	-1
170	43	16	-1	171	-1	169	-1	-1
171	44	16	-1	172	-1	170	23	-1
172	45	16	-1	173	-1	171	-1	-1
173	46	16	-1	174	-1	172	-1	-1
174	47	16	-1	175	-1	173	-1	-1
175	48	16	-1	-1	223	174	24	-1
176	60	16	-1	177	224	-1	25	-1
177	61	16	-1	178	-1	176	-1	-1
178	62	16	-1	179	-1	177	-1	-1
179	63	16	-1	180	-1	178	-1	-1
180	64	16	-1	181	-1	179	26	-1
181	65	16	-1	182	-1	180	-1	-1
182	66	16	-1	183	-1	181	-1	-1
183	67	16	-1	184	-1	182	-1	-1
184	68	16	-1	185	-1	183	27	-1
185	69	16	-1	186	-1	184	-1	-1
186	70	16	-1	187	-1	185	-1	-1
187	71	16	-1	188	-1	186	-1	-1
188	72	16	129	189	225	187	28	-1
189	73	16	-1	190	-1	188	-1	-1
190	74	16	-1	191	-1	189	-1	-1
191	75	16	-1	192	-1	190	-1	-1
192	76	16	-1	193	-1	191	29	-1
193	77	16	-1	194	-1	192	-1	-1
194	78	16	-1	195	-1	193	-1	-1
195	79	16	-1	196	-1	194	-1	-1
196	80	16	-1	197	-1	195	30	-1
197	81	16	-1	198	-1	196	-1	-1
198	82	16	-1	199	-1	197	-1	-1
199	83	16	-1	200	-1	198	-1	-1
200	84	16	130	201	-1	199	31	-1
201	85	16	-1	202	-1	200	-1	-1
202	86	16	-1	203	-1	201	-1	-1
203	87	16	-1	204	-1	202	-1	-1
204	88	16	-1	205	-1	203	32	-1
205	89	16	-1	206	-1	204	-1	-1
206	90	16	-1	207	-1	205	-1	-1
207	91	16	-1	208	-1	206	-1	-1
208	92	16	-1	209	-1	207	33	-1
209	93	16	-1	210	-1	208	-1	-1
210	94	16	-1	211	-1	209	-1	-1
211	95	16	-1	212	-1	210	-1	-1
212	96	16	-1	213	-1	211	34	-1
213	97	16	-1	214	-1	212	-1	-1
214	98	16	-1	215	-1	213	-1	-1
215	99	16	-1	216	-1	214	-1	-1
216	100	16	-1	217	-1	215	35	-1
217	101	16	-1	218	-1	216	-1	-1
218	102	16	-1	219	-1	217	-1	-1
219	103	16	-1	220	-1	218	-1	-1
220	104	16	-1	-1	226	219	-1	1
221	4	17	131	-1	227	-1	-1	-1
222	36	17	163	-1	228	-1	-1	-1
223	48	17	175	-1	229	-1	-1	-1
224	60	17	176	-1	230	-1	-1	-1
225	72	17	188	-1	231	-1	-1	-1
226	104	17	220	-1	232	-1	-1	-1
227	4	18	221	-1	233	-1	-1	-1
228	36	18	222	-1	234	-1	-1	-1
229	48	18	223	-1	235	-1	-1	-1
230	60	18	224	-1	236	-1	-1	-1
231	72	18	225	-1	237	-1	-1	-1
232	104	18	226	-1	238	-1	-1	-1
233	4	19	227	-1	239	-1	-1	-1
234	36	19	228	-1	240	-1	-1	-1
235	48	19	229	-1	241	-1	-1	-1
236	60	19	230	-1	242	-1	-1	-1
237	72	19	231	-1	243	-1	-1	-1
238	104	19	232	-1	244	-1	-1	-1
239	4	20	233	-1	245	-1	36	-1
240	36	20	234	-1	246	-1	37	-1
241	48	20	235	-1	247	-1	38	-1
242	60	20	236	-1	248	-1	39	-1
243	72	20	237	-1	249	-1	40	-1
244	104	20	238	-1	250	-1	41	-1
245	4	21	239	-1	251	-1	-1	-1
246	36	21	240	-1	252	-1	-1	-1
247	48	21	241	-1	253	-1	-1	-1
248	60	21	242	-1	254	-1	-1	-1
249	72	21	243	-1	255	-1	-1	-1
250	104	21	244	-1	256	-1	-1	-1
251	4	22	245	-1	257	-1	-1	-1
252	36	22	246	-1	258	-1	-1	-1
253	48	22	247	-1	259	-1	-1	-1
254	60	22	248	-1	260	-1	-1	-1
255	72	22	249	-1	261	-1	-1	-1
256	104	22	250	-1	262	-1	-1	-1
257	4	23	251	-1	263	-1	-1	-1
258	36	23	252	-1	264	-1	-1	-1
259	48	23	253	-1	265	-1	-1	-1
260	60	23	254	-1	266	-1	-1	-1
261	72	23	255	-1	267	-1	-1	-1
262	104	23	256	-1	268	-1	-1	-1
263	4	24	257	-1	269	-1	42	-1
264	36	24	258	-1	270	-1	43	-1
265	48	24	259	-1	271	-1	44	-1
266	60	24	260	-1	272	-1	45	-1
267	72	24	261	-1	273	-1	46	-1
268	104	24	262	-1	274	-1	47	-1
269	4	25	263	-1	275	-1	-1	-1
270	36	25	264	-1	276	-1	-1	-1
271	48	25	265	-1	277	-1	-1	-1
272	60	25	266	-1	278	-1	-1	-1
273	72	25	267	-1	279	-1	-1	-1
274	104	25	268	-1	280	-1	-1	-1
275	4	26	269	-1	281	-1	-1	-1
276	36	26	270	-1	282	-1	-1	-1
277	48	26	271	-1	283	-1	-1	-1
278	60	26	272	-1	284	-1	-1	-1
279	72	26	273	-1	285	-1	-1	-1
280	104	26	274	-1	286	-1	-1	-1
281	4	27	275	-1	287	-1	-1	-1
282	36	27	276	-1	308	-1	-1	-1
283	48	27	277	-1	309	-1	-1	-1
284	60	27	278	-1	310	-1	-1	-1
285	72	27	279	-1	311	-1	-1	-1
286	104	27	280	-1	332	-1	-1	-1
287	4	28	281	-1	333	-1	48	-1
288	16	28	-1	289	334	-1	49	-1
289	17	28	-1	290	-1	288	-1	-1
290	18	28	-1	291	-1	289	-1	-1
291	19	28	-1	292	-1	290	-1	-1
292	20	28	-1	293	-1	291	50	-1
293	21	28	-1	294	-1	292	-1	-1
294	22	28	-1	295	-1	293	-1	-1
295	23	28	-1	296	-1	294	-1	-1
296	24	28	-1	297	-1	295	51	-1
297	25	28	-1	298	-1	296	-1	-1
298	26	28	-1	299	-1	297	-1	-1
299	27	28	-1	300	-1	298	-1	-1
300	28	28	-1	301	-1	299	52	-1
301	29	28	-1	302	-1	300	-1	-1
302	30	28	-1	303	-1	301	-1	-1
303	31	28	-1	304	-1	302	-1	-1
304	32	28	-1	305	-1	303	53	-1
305	33	28	-1	306	-1	304	-1	-1
306	34	28	-1	307	-1	305	-1	-1
307	35	28	-1	308	-1	306	-1	-1
308	36	28	282	-1	335	307	54	-1
309	48	28	283	-1	336	-1	55	-1
310	60	28	284	-1	337	-1	56	-1
311	72	28	285	312	338	-1	57	-1
312	73	28	-1	313	-1	311	-1	-1
313	74	28	-1	314	-1	312	-1	-1
314	75	28	-1	315	-1	313	-1	-1
315	76	28	-1	316	-1	314	58	-1
316	77	28	-1	317	-1	315	-1	-1
317	78	28	-1	318	-1	316	-1	-1
318	79	28	-1	319	-1	317	-1	-1
319	80	28	-1	320	-1	318	59	-1
320	81	28	-1	321	-1	319	-1	-1
321	82	28	-1	322	-1	320	-1	-1
322	83	28	-1	323	-1	321	-1	-1
323	84	28	-1	324	-1	322	60	-1
324	85	28	-1	325	-1	323	-1	-1
325	86	28	-1	326	-1	324	-1	-1
326	87	28	-1	327	-1	325	-1	-1
327	88	28	-1	328	-1	326	61	-1
328	89	28	-1	329	-1	327	-1	-1
329	90	28	-1	330	-1	328	-1	-1
330	91	28	-1	331	-1	329	-1	-1
331	92	28	-1	-1	339	330	62	-1
332	104	28	286	-1	340	-1	63	-1
333	4	29	287	-1	341	-1	-1	-1
334	16	29	288	-1	342	-1	-1	-1
335	36	29	308	-1	343	-1	-1	-1
336	48	29	309	-1	344	-1	-1	-1
337	60	29	310	-1	345	-1	-1	-1
338	72	29	311	-1	346	-1	-1	-1
339	92	29	331	-1	347	-1	-1	-1
340	104	29	332	-1	348	-1	-1	-1
341	4	30	333	-1	349	-1	-1	-1
342	16	30	334	-1	350	-1	-1	-1
343	36	30	335	-1	351	-1	-1	-1
344	48	30	336	-1	352	-1	-1	-1
345	60	30	337	-1	353	-1	-1	-1
346	72	30	338	-1	354	-1	-1	-1
347	92	30	339	-1	355	-1	-1	-1
348	104	30	340	-1	356	-1	-1	-1
349	4	31	341	-1	357	-1	-1	-1
350	16	31	342	-1	358	-1	-1	-1
351	36	31	343	-1	359	-1	-1	-1
352	48	31	344	-1	360	-1	-1	-1
353	60	31	345	-1	372	-1	-1	-1
354	72	31	346	-1	373	-1	-1	-1
355	92	31	347	-1	374	-1	-1	-1
356	104	31	348	-1	375	-1	-1	-1
357	4	32	349	-1	376	-1	64	-1
358	16	32	350	-1	377	-1	65	-1
359	36	32	351	-1	378	-1	-1	-1
360	48	32	352	361	-1	-1	66	-1
361	49	32	-1	362	-1	360	-1	-1
362	50	32	-1	363	-1	361	-1	-1
363	51	32	-1	364	-1	362	-1	-1
364	52	32	-1	365	-1	363	67	-1
365	53	32	-1	366	-1	364	-1	-1
366	54	32	-1	367	-1	365	-1	-1
367	55	32	-1	368	-1	366	-1	-1
368	56	32	-1	369	-1	367	68	-1
369	57	32	-1	370	-1	368	-1	-1
370	58	32	-1	371	-1	369	-1	-1
371	59	32	-1	372	-1	370	-1	-1
372	60	32	353	-1	-1	371	69	-1
373	72	32	354	-1	379	-1	-1	-1
374	92	32	355	-1	380	-1	70	-1
375	104	32	356	-1	381	-1	71	-1
376	4	33	357	-1	382	-1	-1	-1
377	16	33	358	-1	383	-1	-1	-1
378	36	33	359	-1	384	-1	-1	-1
379	72	33	373	-1	385	-1	-1	-1
380	92	33	374	-1	386	-1	-1	-1
381	104	33	375	-1	387	-1	-1	-1
382	4	34	376	-1	388	-1	-1	-1
383	16	34	377	-1	389	-1	-1	-1
384	36	34	378	-1	390	-1	-1	-1
385	72	34	379	-1	391	-1	-1	-1
386	92	34	380	-1	392	-1	-1	-1
387	104	34	381	-1	393	-1	-1	-1
388	4	35	382	-1	394	-1	-1	-1
389	16	35	383	-1	395	-1	-1	-1
390	36	35	384	-1	396	-1	-1	-1
391	72	35	385	-1	397	-1	-1	-1
392	92	35	386	-1	398	-1	-1	-1
393	104	35	387	-1	399	-1	-1	-1
394	4	36	388	-1	400	-1	72	-1
395	16	36	389	-1	401	-1	73	-1
396	36	36	390	-1	402	-1	-1	-1
397	72	36	391	-1	403	-1	-1	-1
398	92	36	392	-1	404	-1	74	-1
399	104	36	393	-1	405	-1	75	-1
400	4	37	394	-1	406	-1	-1	-1
401	16	37	395	-1	407	-1	-1	-1
402	36	37	396	-1	408	-1	-1	-1
403	72	37	397	-1	409	-1	-1	-1
404	92	37	398	-1	410	-1	-1	-1
405	104	37	399	-1	411	-1	-1	-1
406	4	38	400	-1	412	-1	-1	-1
407	16	38	401	-1	413	-1	-1	-1
408	36	38	402	-1	414	-1	-1	-1
409	72	38	403	-1	415	-1	-1	-1
410	92	38	404	-1	416	-1	-1	-1
411	104	38	405	-1	417	-1	-1	-1
412	4	39	406	-1	418	-1	-1	-1
413	16	39	407	-1	430	-1	-1	-1
414	36	39	408	-1	439	-1	-1	-1
415	72	39	409	-1	440	-1	-1	-1
416	92	39	410	-1	449	-1	-1	-1
417	104	39	411	-1	461	-1	-1	-1
418	4	40	412	419	-1	-1	76	-1
419	5	40	-1	420	-1	418	-1	-1
420	6	40	-1	421	-1	419	-1	-1
421	7	40	-1	422	-1	420	-1	-1
422	8	40	-1	423	-1	421	77	-1
423	9	40	-1	424	-1	422	-1	-1
424	10	40	-1	425	-1	423	-1	-1
425	11	40	-1	426	-1	424	-1	-1
426	12	40	-1	427	-1	425	78	-1
427	13	40	-1	428	-1	426	-1	-1
428	14	40	-1	429	-1	427	-1	-1
429	15	40	-1	430	-1	428	-1	-1
430	16	40	413	431	-1	429	79	-1
431	17	40	-1	432	-1	430	-1	-1
432	18	40	-1	433	-1	431	-1	-1
433	19	40	-1	434	-1	432	-1	-1
434	20	40	-1	435	-1	433	80	-1
435	21	40	-1	436	-1	434	-1	-1
436	22	40	-1	437	-1	435	-1	-1
437	23	40	-1	438	-1	436	-1	-1
438	24	40	-1	-1	462	437	81	-1
439	36	40	414	-1	463	-1	-1	-1
440	72	40	415	-1	464	-1	-1	-1
441	84	40	-1	442	465	-1	82	-1
442	85	40	-1	443	-1	441	-1	-1
443	86	40	-1	444	-1	442	-1	-1
444	87	40	-1	445	-1	443	-1	-1
445	88	40	-1	446	-1	444	83	-1
446	89	40	-1	447	-1	445	-1	-1
447	90	40	-1	448	-1	446	-1	-1
448	91	40	-1	449	-1	447	-1	-1
449	92	40	416	450	-1	448	84	-1
450	93	40	-1	451	-1	449	-1	-1
451	94	40	-1	452	-1	450	-1	-1
452	95	40	-1	453	-1	451	-1	-1
453	96	40	-1	454	-1	452	85	-1
454	97	40	-1	455	-1	453	-1	-1
455	98	40	-1	456	-1	454	-1	-1
456	99	40	-1	457	-1	455	-1	-1
457	100	40	-1	458	-1	456	86	-1
458	101	40	-1	459	-1	457	-1	-1
459	102	40	-1	460	-1	458	-1	-1
460	103	40	-1	461	-1	459	-1	-1
461	104	40	417	-1	-1	460	87	-1
462	24	41	438	-1	466	-1	-1	-1
463	36	41	439	-1	467	-1	-1	-1
464	72	41	440	-1	468	-1	-1	-1
465	84	41	441	-1	469	-1	-1	-1
466	24	42	462	-1	470	-1	-1	-1
467	36	42	463	-1	471	-1	-1	-1
468	72	42	464	-1	472	-1	-1	-1
469	84	42	465	-1	473	-1	-1	-1
470	24	43	466	-1	474	-1	-1	-1
471	36	43	467	-1	475	-1	-1	-1
472	72	43	468	-1	511	-1	-1	-1
473	84	43	469	-1	512	-1	-1	-1
474	24	44	470	-1	513	-1	88	-1
475	36	44	471	476	514	-1	-1	-1
476	37	44	-1	477	-1	475	-1	-1
477	38	44	-1	478	-1	476	-1	-1
478	39	44	-1	479	-1	477	-1	-1
479	40	44	-1	480	-1	478	-1	-1
480	41	44	-1	481	-1	479	-1	-1
481	42	44	-1	482	-1	480	-1	-1
482	43	44	-1	483	-1	481	-1	-1
483	44	44	-1	484	-1	482	-1	-1
484	45	44	-1	485	-1	483	-1	-1
485	46	44	-1	486	-1	484	-1	-1
486	47	44	-1	487	-1	485	-1	-1
487	48	44	-1	488	-1	486	-1	-1
488	49	44	-1	489	-1	487	-1	-1
489	50	44	-1	490	-1	488	-1	-1
490	51	44	-1	491	-1	489	-1	-1
491	52	44	-1	492	-1	490	-1	-1
492	53	44	-1	493	-1	491	-1	-1
493	54	44	-1	494	-1	492	-1	-1
494	55	44	-1	495	-1	493	-1	-1
495	56	44	-1	496	-1	494	-1	-1
496	57	44	-1	497	-1	495	-1	-1
497	58	44	-1	498	-1	496	-1	-1
498	59	44	-1	499	-1	497	-1	-1
499	60	44	-1	500	-1	498	-1	-1
500	61	44	-1	501	-1	499	-1	-1
501	62	44	-1	502	-1	500	-1	-1
502	63	44	-1	503	-1	501	-1	-1
503	64	44	-1	504	-1	502	-1	-1
504	65	44	-1	505	-1	503	-1	-1
505	66	44	-1	506	-1	504	-1	-1
506	67	44	-1	507	-1	505	-1	-1
507	68	44	-1	508	-1	506	-1	-1
508	69	44	-1	509	-1	507	-1	-1
509	70	44	-1	510	-1	508	-1	-1
510	71	44	-1	511	-1	509	-1	-1
511	72	44	472	-1	515	510	-1	-1
512	84	44	473	-1	516	-1	89	-1
513	24	45	474	-1	517	-1	-1	-1
514	36	45	475	-1	518	-1	-1	-1
515	72	45	511	-1	519	-1	-1	-1
516	84	45	512	-1	520	-1	-1	-1
517	24	46	513	-1	521	-1	-1	-1
518	36	46	514	-1	522	-1	-1	-1
519	72	46	515	-1	523	-1	-1	-1
520	84	46	516	-1	524	-1	-1	-1
521	24	47	517	-1	525	-1	-1	-1
522	36	47	518	-1	526	-1	-1	-1
523	72	47	519	-1	527	-1	-1	-1
524	84	47	520	-1	528	-1	-1	-1
525	24	48	521	-1	529	-1	90	-1
526	36	48	522	-1	530	-1	-1	-1
527	72	48	523	-1	531	-1	-1	-1
528	84	48	524	-1	532	-1	91	-1
529	24	49	525	-1	533	-1	-1	-1
530	36	49	526	-1	534	-1	-1	-1
531	72	49	527	-1	535	-1	-1	-1
532	84	49	528	-1	536	-1	-1	-1
533	24	50	529	-1	537	-1	-1	-1
534	36	50	530	-1	538	-1	-1	-1
535	72	50	531	-1	539	-1	-1	-1
536	84	50	532	-1	540	-1	-1	-1
537	24	51	533	-1	561	-1	-1	-1
538	36	51	534	-1	562	-1	-1	-1
539	72	51	535	-1	563	-1	-1	-1
540	84	51	536	-1	564	-1	-1	-1
541	4	52	-1	542	585	-1	92	-1
542	5	52	-1	543	-1	541	-1	-1
543	6	52	-1	544	-1	542	-1	-1
544	7	52	-1	545	-1	543	-1	-1
545	8	52	-1	546	-1	544	93	-1
546	9	52	-1	547	-1	545	-1	-1
547	10	52	-1	548	-1	546	-1	-1
548	11	52	-1	549	-1	547	-1	-1
549	12	52	-1	550	-1	548	94	-1
550	13	52	-1	551	-1	549	-1	-1
551	14	52	-1	552	-1	550	-1	-1
552	15	52	-1	553	-1	551	-1	-1
553	16	52	-1	554	-1	552	95	-1
554	17	52	-1	555	-1	553	-1	-1
555	18	52	-1	556	-1	554	-1	-1
556	19	52	-1	557	-1	555	-1	-1
557	20	52	-1	558	-1	556	96	-1
558	21	52	-1	559	-1	557	-1	-1
559	22	52	-1	560	-1	558	-1	-1
560	23	52	-1	561	-1	559	-1	-1
561	24	52	537	-1	586	560	97	-1
562	36	52	538	-1	587	-1	-1	-1
563	72	52	539	-1	588	-1	-1	-1
564	84	52	540	565	589	-1	98	-1
565	85	52	-1	566	-1	564	-1	-1
566	86	52	-1	567	-1	565	-1	-1
567	87	52	-1	568	-1	566	-1	-1
568	88	52	-1	569	-1	567	99	-1
569	89	52	-1	570	-1	568	-1	-1
570	90	52	-1	571	-1	569	-1	-1
571	91	52	-1	572	-1	570	-1	-1
572	92	52	-1	573	-1	571	100	-1
573	93	52	-1	574	-1	572	-1	-1
574	94	52	-1	575	-1	573	-1	-1
575	95	52	-1	576	-1	574	-1	-1
576	96	52	-1	577	-1	575	101	-1
577	97	52	-1	578	-1	576	-1	-1
578	98	52	-1	579	-1	577	-1	-1
579	99	52	-1	580	-1	578	-1	-1
580	100	52	-1	581	-1	579	102	-1
581	101	52	-1	582	-1	580	-1	-1
582	102	52	-1	583	-1	581	-1	-1
583	103	52	-1	584	-1	582	-1	-1
584	104	52	-1	-1	590	583	103	-1
585	4	53	541	-1	591	-1	-1	-1
586	24	53	561	-1	592	-1	-1	-1
587	36	53	562	-1	593	-1	-1	-1
588	72	53	563	-1	594	-1	-1	-1
589	84	53	564	-1	595	-1	-1	-1
590	104	53	584	-1	596	-1	-1	-1
591	4	54	585	-1	597	-1	-1	-1
592	24	54	586	-1	598	-1	-1	-1
593	36	54	587	-1	599	-1	-1	-1
594	72	54	588	-1	600	-1	-1	-1
595	84	54	589	-1	601	-1	-1	-1
596	104	54	590	-1	602	-1	-1	-1
597	4	55	591	-1	603	-1	-1	-1
598	24	55	592	-1	604	-1	-1	-1
599	36	55	593	-1	605	-1	-1	-1
600	72	55	594	-1	606	-1	-1	-1
601	84	55	595	-1	607	-1	-1	-1
602	104	55	596	-1	608	-1	-1	-1
603	4	56	597	-1	609	-1	104	-1
604	24	56	598	-1	610	-1	105	-1
605	36	56	599	-1	611	-1	-1	-1
606	72	56	600	-1	612	-1	-1	-1
607	84	56	601	-1	613	-1	106	-1
608	104	56	602	-1	614	-1	107	-1
609	4	57	603	-1	615	-1	-1	-1
610	24	57	604	-1	616	-1	-1	-1
611	36	57	605	-1	617	-1	-1	-1
612	72	57	606	-1	618	-1	-1	-1
613	84	57	607	-1	619	-1	-1	-1
614	104	57	608	-1	620	-1	-1	-1
615	4	58	609	-1	621	-1	-1	-1
616	24	58	610	-1	622	-1	-1	-1
617	36	58	611	-1	623	-1	-1	-1
618	72	58	612	-1	624	-1	-1	-1
619	84	58	613	-1	625	-1	-1	-1
620	104	58	614	-1	626	-1	-1	-1
621	4	59	615	-1	627	-1	-1	-1
622	24	59	616	-1	628	-1	-1	-1
623	36	59	617	-1	640	-1	-1	-1
624	72	59	618	-1	641	-1	-1	-1
625	84	59	619	-1	653	-1	-1	-1
626	104	59	620	-1	654	-1	-1	-1
627	4	60	621	-1	655	-1	108	-1
628	24	60	622	629	656	-1	109	-1
629	25	60	-1	630	-1	628	-1	-1
630	26	60	-1	631	-1	629	-1	-1
631	27	60	-1	632	-1	630	-1	-1
632	28	60	-1	633	-1	631	-1	-1
633	29	60	-1	634	-1	632	-1	-1
634	30	60	-1	635	-1	633	-1	-1
635	31	60	-1	636	-1	634	-1	-1
636	32	60	-1	637	-1	635	-1	-1
637	33	60	-1	638	-1	636	-1	-1
638	34	60	-1	639	-1	637	-1	-1
639	35	60	-1	640	-1	638	-1	-1
640	36	60	623	-1	657	639	-1	-1
641	72	60	624	642	658	-1	-1	-1
642	73	60	-1	643	-1	641	-1	-1
643	74	60	-1	644	-1	642	-1	-1
644	75	60	-1	645	-1	643	-1	-1
645	76	60	-1	646	-1	644	-1	-1
646	77	60	-1	647	-1	645	-1	-1
647	78	60	-1	648	-1	646	-1	-1
648	79	60	-1	649	-1	647	-1	-1
649	80	60	-1	650	-1	648	-1	-1
650	81	60	-1	651	-1	649	-1	-1
651	82	60	-1	652	-1	650	-1	-1
652	83	60	-1	653	-1	651	-1	-1
653	84	60	625	-1	659	652	110	-1
654	104	60	626	-1	660	-1	111	-1
655	4	61	627	-1	661	-1	-1	-1
656	24	61	628	-1	662	-1	-1	-1
657	36	61	640	-1	663	-1	-1	-1
658	72	61	641	-1	664	-1	-1	-1
659	84	61	653	-1	665	-1	-1	-1
660	104	61	654	-1	666	-1	-1	-1
661	4	62	655	-1	667	-1	-1	-1
662	24	62	656	-1	668	-1	-1	-1
663	36	62	657	-1	669	-1	-1	-1
664	72	62	658	-1	670	-1	-1	-1
665	84	62	659	-1	671	-1	-1	-1
666	104	62	660	-1	672	-1	-1	-1
667	4	63	661	-1	673	-1	-1	-1
668	24	63	662	-1	682	-1	-1	-1
669	36	63	663	-1	683	-1	-1	-1
670	72	63	664	-1	684	-1	-1	-1
671	84	63	665	-1	685	-1	-1	-1
672	104	63	666	-1	694	-1	-1	-1
673	4	64	667	674	-1	-1	112	-1
674	5	64	-1	675	-1	673	-1	-1
675	6	64	-1	676	-1	674	-1	-1
676	7	64	-1	677	-1	675	-1	-1
677	8	64	-1	678	-1	676	113	-1
678	9	64	-1	679	-1	677	-1	-1
679	10	64	-1	680	-1	678	-1	-1
680	11	64	-1	681	-1	679	-1	-1
681	12	64	-1	-1	695	680	114	-1
682	24	64	668	-1	696	-1	115	-1
683	36	64	669	-1	697	-1	-1	-1
684	72	64	670	-1	698	-1	-1	-1
685	84	64	671	-1	699	-1	116	-1
686	96	64	-1	687	700	-1	117	-1
687	97	64	-1	688	-1	686	-1	-1
688	98	64	-1	689	-1	687	-1	-1
689	99	64	-1	690	-1	688	-1	-1
690	100	64	-1	691	-1	689	118	-1
691	101	64	-1	692	-1	690	-1	-1
692	102	64	-1	693	-1	691	-1	-1
693	103	64	-1	694	-1	692	-1	-1
694	104	64	672	-1	-1	693	119	-1
695	12	65	681	-1	701	-1	-1	-1
696	24	65	682	-1	702	-1	-1	-1
697	36	65	683	-1	703	-1	-1	-1
698	72	65	684	-1	704	-1	-1	-1
699	84	65	685	-1	705	-1	-1	-1
700	96	65	686	-1	706	-1	-1	-1
701	12	66	695	-1	707	-1	-1	-1
702	24	66	696	-1	708	-1	-1	-1
703	36	66	697	-1	709	-1	-1	-1
704	72	66	698	-1	710	-1	-1	-1
705	84	66	699	-1	711	-1	-1	-1
706	96	66	700	-1	712	-1	-1	-1
707	12	67	701	-1	713	-1	-1	-1
708	24	67	702	-1	714	-1	-1	-1
709	36	67	703	-1	715	-1	-1	-1
710	72	67	704	-1	751	-1	-1	-1
711	84	67	705	-1	752	-1	-1	-1
712	96	67	706	-1	753	-1	-1	-1
713	12	68	707	-1	754	-1	120	-1
714	24	68	708	-1	755	-1	121	-1
715	36	68	709	716	-1	-1	-1	-1
716	37	68	-1	717	-1	715	-1	-1
717	38	68	-1	718	-1	716	-1	-1
718	39	68	-1	719	-1	717	-1	-1
719	40	68	-1	720	-1	718	-1	-1
720	41	68	-1	721	-1	719	-1	-1
721	42	68	-1	722	-1	720	-1	-1
722	43	68	-1	723	-1	721	-1	-1
723	44	68	-1	724	756	722	-1	-1
724	45	68	-1	725	-1	723	-1	-1
725	46	68	-1	726	-1	724	-1	-1
726	47	68	-1	727	-1	725	-1	-1
727	48	68	-1	728	-1	726	-1	-1
728	49	68	-1	729	-1	727	-1	-1
729	50	68	-1	730	-1	728	-1	-1
730	51	68	-1	731	-1	729	-1	-1
731	52	68	-1	732	-1	730	-1	-1
732	53	68	-1	733	-1	731	-1	-1
733	54	68	-1	734	-1	732	-1	-1
734	55	68	-1	735	-1	733	-1	-1
735	56	68	-1	736	-1	734	-1	-1
736	57	68	-1	737	-1	735	-1	-1
737	58	68	-1	738	-1	736	-1	-1
738	59	68	-1	739	-1	737	-1	-1
739	60	68	-1	740	-1	738	-1	-1
740	61	68	-1	741	-1	739	-1	-1
741	62	68	-1	742	-1	740	-1	-1
742	63	68	-1	743	-1	741	-1	-1
743	64	68	-1	744	757	742	-1	-1
744	65	68	-1	745	-1	743	-1	-1
745	66	68	-1	746	-1	744	-1	-1
746	67	68	-1	747	-1	745	-1	-1
747	68	68	-1	748	-1	746	-1	-1
748	69	68	-1	749	-1	747	-1	-1
749	70	68	-1	750	-1	748	-1	-1
750	71	68	-1	751	-1	749	-1	-1
751	72	68	710	-1	-1	750	-1	-1
752	84	68	711	-1	758	-1	122	-1
753	96	68	712	-1	759	-1	123	-1
754	12	69	713	-1	760	-1	-1	-1
755	24	69	714	-1	761	-1	-1	-1
756	44	69	723	-1	762	-1	-1	-1
757	64	69	743	-1	763	-1	-1	-1
758	84	69	752	-1	764	-1	-1	-1
759	96	69	753	-1	765	-1	-1	-1
760	12	70	754	-1	766	-1	-1	-1
761	24	70	755	-1	767	-1	-1	-1
762	44	70	756	-1	768	-1	-1	-1
763	64	70	757	-1	769	-1	-1	-1
764	84	70	758	-1	770	-1	-1	-1
765	96	70	759	-1	771	-1	-1	-1
766	12	71	760	-1	772	-1	-1	-1
767	24	71	761	-1	773	-1	-1	-1
768	44	71	762	-1	774	-1	-1	-1
769	64	71	763	-1	775	-1	-1	-1
770	84	71	764	-1	776	-1	-1	-1
771	96	71	765	-1	777	-1	-1	-1
772	12	72	766	-1	778	-1	124	-1
773	24	72	767	-1	779	-1	125	-1
774	44	72	768	-1	780	-1	-1	-1
775	64	72	769	-1	781	-1	-1	-1
776	84	72	770	-1	782	-1	126	-1
777	96	72	771	-1	783	-1	127	-1
778	12	73	772	-1	784	-1	-1	-1
779	24	73	773	-1	785	-1	-1	-1
780	44	73	774	-1	786	-1	-1	-1
781	64	73	775	-1	787	-1	-1	-1
782	84	73	776	-1	788	-1	-1	-1
783	96	73	777	-1	789	-1	-1	-1
784	12	74	778	-1	790	-1	-1	-1
785	24	74	779	-1	791	-1	-1	-1
786	44	74	780	-1	792	-1	-1	-1
787	64	74	781	-1	793	-1	-1	-1
788	84	74	782	-1	794	-1	-1	-1
789	96	74	783	-1	795	-1	-1	-1
790	12	75	784	-1	796	-1	-1	-1
791	24	75	785	-1	797	-1	-1	-1
792	44	75	786	-1	798	-1	-1	-1
793	64	75	787	-1	799	-1	-1	-1
794	84	75	788	-1	800	-1	-1	-1
795	96	75	789	-1	801	-1	-1	-1
796	12	76	790	-1	802	-1	128	-1
797	24	76	791	-1	803	-1	129	-1
798	44	76	792	-1	804	-1	-1	-1
799	64	76	793	-1	805	-1	-1	-1
800	84	76	794	-1	806	-1	130	-1
801	96	76	795	-1	807	-1	131	-1
802	12	77	796	-1	808	-1	-1	-1
803	24	77	797	-1	809	-1	-1	-1
804	44	77	798	-1	810	-1	-1	-1
805	64	77	799	-1	811	-1	-1	-1
806	84	77	800	-1	812	-1	-1	-1
807	96	77	801	-1	813	-1	-1	-1
808	12	78	802	-1	814	-1	-1	-1
809	24	78	803	-1	815	-1	-1	-1
810	44	78	804	-1	816	-1	-1	-1
811	64	78	805	-1	817	-1	-1	-1
812	84	78	806	-1	818	-1	-1	-1
813	96	78	807	-1	819	-1	-1	-1
814	12	79	808	-1	820	-1	-1	-1
815	24	79	809	-1	832	-1	-1	-1
816	44	79	810	-1	852	-1	-1	-1
817	64	79	811	-1	853	-1	-1	-1
818	84	79	812	-1	873	-1	-1	-1
819	96	79	813	-1	885	-1	-1	-1
820	12	80	814	821	886	-1	132	-1
821	13	80	-1	822	-1	820	-1	-1
822	14	80	-1	823	-1	821	-1	-1
823	15	80	-1	824	-1	822	-1	-1
824	16	80	-1	825	-1	823	133	-1
825	17	80	-1	826	-1	824	-1	-1
826	18	80	-1	827	-1	825	-1	-1
827	19	80	-1	828	-1	826	-1	-1
828	20	80	-1	829	-1	827	134	-1
829	21	80	-1	830	-1	828	-1	-1
830	22	80	-1	831	-1	829	-1	-1
831	23	80	-1	832	-1	830	-1	-1
832	24	80	815	833	-1	831	135	-1
833	25	80	-1	834	-1	832	-1	-1
834	26	80	-1	835	-1	833	-1	-1
835	27	80	-1	836	-1	834	-1	-1
836	28	80	-1	837	-1	835	136	-1
837	29	80	-1	838	-1	836	-1	-1
838	30	80	-1	839	-1	837	-1	-1
839	31	80	-1	840	-1	838	-1	-1
840	32	80	-1	841	-1	839	137	-1
841	33	80	-1	842	-1	840	-1	-1
842	34	80	-1	843	-1	841	-1	-1
843	35	80	-1	844	-1	842	-1	-1
844	36	80	-1	845	-1	843	138	-1
845	37	80	-1	846	-1	844	-1	-1
846	38	80	-1	847	-1	845	-1	-1
847	39	80	-1	848	-1	846	-1	-1
848	40	80	-1	849	-1	847	139	-1
849	41	80	-1	850	-1	848	-1	-1
850	42	80	-1	851	-1	849	-1	-1
851	43	80	-1	852	-1	850	-1	-1
852	44	80	816	-1	887	851	140	-1
853	64	80	817	854	888	-1	141	-1
854	65	80	-1	855	-1	853	-1	-1
855	66	80	-1	856	-1	854	-1	-1
856	67	80	-1	857	-1	855	-1	-1
857	68	80	-1	858	-1	856	142	-1
858	69	80	-1	859	-1	857	-1	-1
859	70	80	-1	860	-1	858	-1	-1
860	71	80	-1	861	-1	859	-1	-1
861	72	80	-1	862	-1	860	143	-1
862	73	80	-1	863	-1	861	-1	-1
863	74	80	-1	864	-1	862	-1	-1
864	75	80	-1	865	-1	863	-1	-1
865	76	80	-1	866	-1	864	144	-1
866	77	80	-1	867	-1	865	-1	-1
867	78	80	-1	868	-1	866	-1	-1
868	79	80	-1	869	-1	867	-1	-1
869	80	80	-1	870	-1	868	145	-1
870	81	80	-1	871	-1	869	-1	-1
871	82	80	-1	872	-1	870	-1	-1
872	83	80	-1	873	-1	871	-1	-1
873	84	80	818	874	-1	872	146	-1
874	85	80	-1	875	-1	873	-1	-1
875	86	80	-1	876	-1	874	-1	-1
876	87	80	-1	877	-1	875	-1	-1
877	88	80	-1	878	-1	876	147	-1
878	89	80	-1	879	-1	877	-1	-1
879	90	80	-1	880	-1	878	-1	-1
880	91	80	-1	881	-1	879	-1	-1
881	92	80	-1	882	-1	880	148	-1
882	93	80	-1	883	-1	881	-1	-1
883	94	80	-1	884	-1	882	-1	-1
884	95	80	-1	885	-1	883	-1	-1
885	96	80	819	-1	889	884	149	-1
886	12	81	820	-1	890	-1	-1	-1
887	44	81	852	-1	891	-1	-1	-1
888	64	81	853	-1	892	-1	-1	-1
889	96	81	885	-1	893	-1	-1	-1
890	12	82	886	-1	894	-1	-1	-1
891	44	82	887	-1	895	-1	-1	-1
892	64	82	888	-1	896	-1	-1	-1
893	96	82	889	-1	897	-1	-1	-1
894	12	83	890	-1	898	-1	-1	-1
895	44	83	891	-1	899	-1	-1	-1
896	64	83	892	-1	900	-1	-1	-1
897	96	83	893	-1	901	-1	-1	-1
898	12	84	894	-1	902	-1	150	-1
899	44	84	895	-1	903	-1	151	-1
900	64	84	896	-1	904	-1	152	-1
901	96	84	897	-1	905	-1	153	-1
902	12	85	898	-1	906	-1	-1	-1
903	44	85	899	-1	907	-1	-1	-1
904	64	85	900	-1	908	-1	-1	-1
905	96	85	901	-1	909	-1	-1	-1
906	12	86	902	-1	910	-1	-1	-1
907	44	86	903	-1	911	-1	-1	-1
908	64	86	904	-1	912	-1	-1	-1
909	96	86	905	-1	913	-1	-1	-1
910	12	87	906	-1	914	-1	-1	-1
911	44	87	907	-1	915	-1	-1	-1
912	64	87	908	-1	916	-1	-1	-1
913	96	87	909	-1	917	-1	-1	-1
914	12	88	910	-1	918	-1	154	-1
915	44	88	911	-1	919	-1	155	-1
916	64	88	912	-1	920	-1	156	-1
917	96	88	913	-1	921	-1	157	-1
918	12	89	914	-1	922	-1	-1	-1
919	44	89	915	-1	923	-1	-1	-1
920	64	89	916	-1	924	-1	-1	-1
921	96	89	917	-1	925	-1	-1	-1
922	12	90	918	-1	926	-1	-1	-1
923	44	90	919	-1	927	-1	-1	-1
924	64	90	920	-1	928	-1	-1	-1
925	96	90	921	-1	929	-1	-1	-1
926	12	91	922	-1	942	-1	-1	-1
927	44	91	923	-1	963	-1	-1	-1
928	64	91	924	-1	983	-1	-1	-1
929	96	91	925	-1	1004	-1	-1	-1
930	0	92	-1	931	-1	1016	-1	-1
931	1	92	-1	932	-1	930	-1	-1
932	2	92	-1	933	-1	931	-1	-1
933	3	92	-1	934	-1	932	-1	-1
934	4	92	-1	935	-1	933	-1	-1
935	5	92	-1	936	-1	934	-1	-1
936	6	92	-1	937	-1	935	-1	-1
937	7	92	-1	938	-1	936	-1	-1
938	8	92	-1	939	-1	937	-1	-1
939	9	92	-1	940	-1	938	-1	-1
940	10	92	-1	941	-1	939	-1	-1
941	11	92	-1	942	-1	940	-1	-1
942	12	92	926	943	1017	941	158	-1
943	13	92	-1	944	-1	942	-1	-1
944	14	92	-1	945	-1	943	-1	-1
945	15	92	-1	946	-1	944	-1	-1
946	16	92	-1	947	-1	945	159	-1
947	17	92	-1	948	-1	946	-1	-1
948	18	92	-1	949	-1	947	-1	-1
949	19	92	-1	950	-1	948	-1	-1
950	20	92	-1	951	-1	949	160	-1
951	21	92	-1	952	-1	950	-1	-1
952	22	92	-1	953	-1	951	-1	-1
953	23	92	-1	954	-1	952	-1	-1
954	24	92	-1	-1	1018	953	161	-1
955	36	92	-1	956	1019	-1	162	-1
956	37	92	-1	957	-1	955	-1	-1
957	38	92	-1	958	-1	956	-1	-1
958	39	92	-1	959	-1	957	-1	-1
959	40	92	-1	960	-1	958	163	-1
960	41	92	-1	961	-1	959	-1	-1
961	42	92	-1	962	-1	960	-1	-1
962	43	92	-1	963	-1	961	-1	-1
963	44	92	927	964	-1	962	164	-1
964	45	92	-1	965	-1	963	-1	-1
965	46	92	-1	966	-1	964	-1	-1
966	47	92	-1	967	-1	965	-1	-1
967	48	92	-1	968	-1	966	-1	-1
968	49	92	-1	969	-1	967	-1	-1
969	50	92	-1	970	-1	968	-1	-1
970	51	92	-1	971	-1	969	-1	-1
971	52	92	-1	972	-1	970	-1	-1
972	53	92	-1	973	-1	971	-1	-1
973	54	92	-1	974	-1	972	-1	-1
974	55	92	-1	975	-1	973	-1	-1
975	56	92	-1	976	-1	974	-1	-1
976	57	92	-1	977	-1	975	-1	-1
977	58	92	-1	978	-1	976	-1	-1
978	59	92	-1	979	-1	977	-1	-1
979	60	92	-1	980	-1	978	-1	-1
980	61	92	-1	981	-1	979	-1	-1
981	62	92	-1	982	-1	980	-1	-1
982	63	92	-1	983	-1	981	-1	-1
983	64	92	928	984	-1	982	165	-1
984	65	92	-1	985	-1	983	-1	-1
985	66	92	-1	986	-1	984	-1	-1
986	67	92	-1	987	-1	985	-1	-1
987	68	92	-1	988	-1	986	166	-1
988	69	92	-1	989	-1	987	-1	-1
989	70	92	-1	990	-1	988	-1	-1
990	71	92	-1	991	-1	989	-1	-1
991	72	92	-1	-1	1020	990	167	-1
992	84	92	-1	993	1021	-1	168	-1
993	85	92	-1	994	-1	992	-1	-1
994	86	92	-1	995	-1	993	-1	-1
995	87	92	-1	996	-1	994	-1	-1
996	88	92	-1	997	-1	995	169	-1
997	89	92	-1	998	-1	996	-1	-1
998	90	92	-1	999	-1	997	-1	-1
999	91	92	-1	1000	-1	998	-1	-1
1000	92	92	-1	1001	-1	999	170	-1
1001	93	92	-1	1002	-1	1000	-1	-1
1002	94	92	-1	1003	-1	1001	-1	-1
1003	95	92	-1	1004	-1	1002	-1	-1
1004	96	92	929	1005	1022	1003	171	-1
1005	97	92	-1	1006	-1	1004	-1	-1
1006	98	92	-1	1007	-1	1005	-1	-1
1007	99	92	-1	1008	-1	1006	-1	-1
1008	100	92	-1	1009	-1	1007	-1	-1
1009	101	92	-1	1010	-1	1008	-1	-1
1010	102	92	-1	1011	-1	1009	-1	-1
1011	103	92	-1	1012	-1	1010	-1	-1
1012	104	92	-1	1013	-1	1011	-1	-1
1013	105	92	-1	1014	-1	1012	-1	-1
1014	106	92	-1	1015	-1	1013	-1	-1
1015	107	92	-1	1016	-1	1014	-1	-1
1016	108	92	-1	930	-1	1015	-1	-1
1017	12	93	942	-1	1023	-1	-1	-1
1018	24	93	954	-1	1024	-1	-1	-1
1019	36	93	955	-1	1025	-1	-1	-1
1020	72	93	991	-1	1026	-1	-1	-1
1021	84	93	992	-1	1027	-1	-1	-1
1022	96	93	1004	-1	1028	-1	-1	-1
1023	12	94	1017	-1	1029	-1	-1	-1
1024	24	94	1018	-1	1030	-1	-1	-1
1025	36	94	1019	-1	1031	-1	-1	-1
1026	72	94	1020	-1	1032	-1	-1	-1
1027	84	94	1021	-1	1033	-1	-1	-1
1028	96	94	1022	-1	1034	-1	-1	-1
1029	12	95	1023	-1	1035	-1	-1	-1
1030	24	95	1024	-1	1036	-1	-1	-1
1031	36	95	1025	-1	1037	-1	-1	-1
1032	72	95	1026	-1	1038	-1	-1	-1
1033	84	95	1027	-1	1039	-1	-1	-1
1034	96	95	1028	-1	1040	-1	-1	-1
1035	12	96	1029	-1	1041	-1	172	-1
1036	24	96	1030	-1	1042	-1	173	-1
1037	36	96	1031	-1	1043	-1	174	-1
1038	72	96	1032	-1	1044	-1	175	-1
1039	84	96	1033	-1	1045	-1	176	-1
1040	96	96	1034	-1	1046	-1	177	-1
1041	12	97	1035	-1	1047	-1	-1	-1
1042	24	97	1036	-1	1048	-1	-1	-1
1043	36	97	1037	-1	1049	-1	-1	-1
1044	72	97	1038	-1	1050	-1	-1	-1
1045	84	97	1039	-1	1051	-1	-1	-1
1046	96	97	1040	-1	1052	-1	-1	-1
1047	12	98	1041	-1	1053	-1	-1	-1
1048	24	98	1042	-1	1054	-1	-1	-1
1049	36	98	1043	-1	1055	-1	-1	-1
1050	72	98	1044	-1	1056	-1	-1	-1
1051	84	98	1045	-1	1057	-1	-1	-1
1052	96	98	1046	-1	1058	-1	-1	-1
1053	12	99	1047	-1	1059	-1	-1	-1
1054	24	99	1048	-1	1060	-1	-1	-1
1055	36	99	1049	-1	1061	-1	-1	-1
1056	72	99	1050	-1	1062	-1	-1	-1
1057	84	99	1051	-1	1063	-1	-1	-1
1058	96	99	1052	-1	1064	-1	-1	-1
1059	12	100	1053	-1	1065	-1	178	-1
1060	24	100	1054	-1	1066	-1	179	-1
1061	36	100	1055	-1	1067	-1	180	-1
1062	72	100	1056	-1	1068	-1	181	-1
1063	84	100	1057	-1	1069	-1	182	-1
1064	96	100	1058	-1	1070	-1	183	-1
1065	12	101	1059	-1	1071	-1	-1	-1
1066	24	101	1060	-1	1072	-1	-1	-1
1067	36	101	1061	-1	1073	-1	-1	-1
1068	72	101	1062	-1	1074	-1	-1	-1
1069	84	101	1063	-1	1075	-1	-1	-1
1070	96	101	1064	-1	1076	-1	-1	-1
1071	12	102	1065	-1	1077	-1	-1	-1
1072	24	102	1066	-1	1078	-1	-1	-1
1073	36	102	1067	-1	1079	-1	-1	-1
1074	72	102	1068	-1	1080	-1	-1	-1
1075	84	102	1069	-1	1081	-1	-1	-1
1076	96	102	1070	-1	1082	-1	-1	-1
1077	12	103	1071	-1	1091	-1	-1	-1
1078	24	103	1072	-1	1092	-1	-1	-1
1079	36	103	1073	-1	1104	-1	-1	-1
1080	72	103	1074	-1	1129	-1	-1	-1
1081	84	103	1075	-1	1141	-1	-1	-1
1082	96	103	1076	-1	1142	-1	-1	-1
1083	4	104	-1	1084	1151	-1	-1	2
1084	5	104	-1	1085	-1	1083	-1	-1
1085	6	104	-1	1086	-1	1084	-1	-1
1086	7	104	-1	1087	-1	1085	-1	-1
1087	8	104	-1	1088	-1	1086	184	-1
1088	9	104	-1	1089	-1	1087	-1	-1
1089	10	104	-1	1090	-1	1088	-1	-1
1090	11	104	-1	1091	-1	1089	-1	-1
1091	12	104	1077	-1	-1	1090	185	-1
1092	24	104	1078	1093	1152	-1	186	-1
1093	25	104	-1	1094	-1	1092	-1	-1
1094	26	104	-1	1095	-1	1093	-1	-1
1095	27	104	-1	1096	-1	1094	-1	-1
1096	28	104	-1	1097	-1	1095	187	-1
1097	29	104	-1	1098	-1	1096	-1	-1
1098	30	104	-1	1099	-1	1097	-1	-1
1099	31	104	-1	1100	-1	1098	-1	-1
1100	32	104	-1	1101	-1	1099	188	-1
1101	33	104	-1	1102	-1	1100	-1	-1
1102	34	104	-1	1103	-1	1101	-1	-1
1103	35	104	-1	1104	-1	1102	-1	-1
1104	36	104	1079	1105	-1	1103	189	-1
1105	37	104	-1	1106	-1	1104	-1	-1
1106	38	104	-1	1107	-1	1105	-1	-1
1107	39	104	-1	1108	-1	1106	-1	-1
1108	40	104	-1	1109	-1	1107	190	-1
1109	41	104	-1	1110	-1	1108	-1	-1
1110	42	104	-1	1111	-1	1109	-1	-1
1111	43	104	-1	1112	-1	1110	-1	-1
1112	44	104	-1	1113	-1	1111	191	-1
1113	45	104	-1	1114	-1	1112	-1	-1
1114	46	104	-1	1115	-1	1113	-1	-1
1115	47	104	-1	1116	-1	1114	-1	-1
1116	48	104	-1	-1	1153	1115	192	-1
1117	60	104	-1	1118	1154	-1	193	-1
1118	61	104	-1	1119	-1	1117	-1	-1
1119	62	104	-1	1120	-1	1118	-1	-1
1120	63	104	-1	1121	-1	1119	-1	-1
1121	64	104	-1	1122	-1	1120	194	-1
1122	65	104	-1	1123	-1	1121	-1	-1
1123	66	104	-1	1124	-1	1122	-1	-1
1124	67	104	-1	1125	-1	1123	-1	-1
1125	68	104	-1	1126	-1	1124	195	-1
1126	69	104	-1	1127	-1	1125	-1	-1
1127	70	104	-1	1128	-1	1126	-1	-1
1128	71	104	-1	1129	-1	1127	-1	-1
1129	72	104	1080	1130	-1	1128	196	-1
1130	73	104	-1	1131	-1	1129	-1	-1
1131	74	104	-1	1132	-1	1130	-1	-1
1132	75	104	-1	1133	-1	1131	-1	-1
1133	76	104	-1	1134	-1	1132	197	-1
1134	77	104	-1	1135	-1	1133	-1	-1
1135	78	104	-1	1136	-1	1134	-1	-1
1136	79	104	-1	1137	-1	1135	-1	-1
1137	80	104	-1	1138	-1	1136	198	-1
1138	81	104	-1	1139	-1	1137	-1	-1
1139	82	104	-1	1140	-1	1138	-1	-1
1140	83	104	-1	1141	-1	1139	-1	-1
1141	84	104	1081	-1	1155	1140	199	-1
1142	96	104	1082	1143	-1	-1	200	-1
1143	97	104	-1	1144	-1	1142	-1	-1
1144	98	104	-1	1145	-1	1143	-1	-1
1145	99	104	-1	1146	-1	1144	-1	-1
1146	100	104	-1	1147	-1	1145	201	-1
1147	101	104	-1	1148	-1	1146	-1	-1
1148	102	104	-1	1149	-1	1147	-1	-1
1149	103	104	-1	1150	-1	1148	-1	-1
1150	104	104	-1	-1	1156	1149	-1	3
1151	4	105	1083	-1	1157	-1	-1	-1
1152	24	105	1092	-1	1158	-1	-1	-1
1153	48	105	1116	-1	1159	-1	-1	-1
1154	60	105	1117	-1	1160	-1	-1	-1
1155	84	105	1141	-1	1161	-1	-1	-1
1156	104	105	1150	-1	1162	-1	-1	-1
1157	4	106	1151	-1	1163	-1	-1	-1
1158	24	106	1152	-1	1164	-1	-1	-1
1159	48	106	1153	-1	1165	-1	-1	-1
1160	60	106	1154	-1	1166	-1	-1	-1
1161	84	106	1155	-1	1167	-1	-1	-1
1162	104	106	1156	-1	1168	-1	-1	-1
1163	4	107	1157	-1	1169	-1	-1	-1
1164	24	107	1158	-1	1170	-1	-1	-1
1165	48	107	1159	-1	1171	-1	-1	-1
1166	60	107	1160	-1	1172	-1	-1	-1
1167	84	107	1161	-1	1173	-1	-1	-1
1168	104	107	1162	-1	1174	-1	-1	-1
1169	4	108	1163	-1	1175	-1	202	-1
1170	24	108	1164	-1	1176	-1	203	-1
1171	48	108	1165	-1	1177	-1	204	-1
1172	60	108	1166	-1	1178	-1	205	-1
1173	84	108	1167	-1	1179	-1	206	-1
1174	104	108	1168	-1	1180	-1	207	-1
1175	4	109	1169	-1	1181	-1	-1	-1
1176	24	109	1170	-1	1182	-1	-1	-1
1177	48	109	1171	-1	1183	-1	-1	-1
1178	60	109	1172	-1	1184	-1	-1	-1
1179	84	109	1173	-1	1185	-1	-1	-1
1180	104	109	1174	-1	1186	-1	-1	-1
1181	4	110	1175	-1	1187	-1	-1	-1
1182	24	110	1176	-1	1188	-1	-1	-1
1183	48	110	1177	-1	1189	-1	-1	-1
1184	60	110	1178	-1	1190	-1	-1	-1
1185	84	110	1179	-1	1191	-1	-1	-1
1186	104	110	1180	-1	1192	-1	-1	-1
1187	4	111	1181	-1	1193	-1	-1	-1
1188	24	111	1182	-1	1194	-1	-1	-1
1189	48	111	1183	-1	1195	-1	-1	-1
1190	60	111	1184	-1	1196	-1	-1	-1
1191	84	111	1185	-1	1197	-1	-1	-1
1192	104	111	1186	-1	1198	-1	-1	-1
1193	4	112	1187	-1	1199	-1	208	-1
1194	24	112	1188	-1	1200	-1	209	-1
1195	48	112	1189	-1	1201	-1	210	-1
1196	60	112	1190	-1	1202	-1	211	-1
1197	84	112	1191	-1	1203	-1	212	-1
1198	104	112	1192	-1	1204	-1	213	-1
1199	4	113	1193	-1	1205	-1	-1	-1
1200	24	113	1194	-1	1206	-1	-1	-1
1201	48	113	1195	-1	1207	-1	-1	-1
1202	60	113	1196	-1	1208	-1	-1	-1
1203	84	113	1197	-1	1209	-1	-1	-1
1204	104	113	1198	-1	1210	-1	-1	-1
1205	4	114	1199	-1	1211	-1	-1	-1
1206	24	114	1200	-1	1212	-1	-1	-1
1207	48	114	1201	-1	1213	-1	-1	-1
1208	60	114	1202	-1	1214	-1	-1	-1
1209	84	114	1203	-1	1215	-1	-1	-1
1210	104	114	1204	-1	1216	-1	-1	-1
1211	4	115	1205	-1	1217	-1	-1	-1
1212	24	115	1206	-1	1237	-1	-1	-1
1213	48	115	1207	-1	1261	-1	-1	-1
1214	60	115	1208	-1	1273	-1	-1	-1
1215	84	115	1209	-1	1297	-1	-1	-1
1216	104	115	1210	-1	1317	-1	-1	-1
1217	4	116	1211	1218	-1	-1	214	-1
1218	5	116	-1	1219	-1	1217	-1	-1
1219	6	116	-1	1220	-1	1218	-1	-1
1220	7	116	-1	1221	-1	1219	-1	-1
1221	8	116	-1	1222	-1	1220	215	-1
1222	9	116	-1	1223	-1	1221	-1	-1
1223	10	116	-1	1224	-1	1222	-1	-1
1224	11	116	-1	1225	-1	1223	-1	-1
1225	12	116	-1	1226	-1	1224	216	-1
1226	13	116	-1	1227	-1	1225	-1	-1
1227	14	116	-1	1228	-1	1226	-1	-1
1228	15	116	-1	1229	-1	1227	-1	-1
1229	16	116	-1	1230	-1	1228	217	-1
1230	17	116	-1	1231	-1	1229	-1	-1
1231	18	116	-1	1232	-1	1230	-1	-1
1232	19	116	-1	1233	-1	1231	-1	-1
1233	20	116	-1	1234	-1	1232	218	-1
1234	21	116	-1	1235	-1	1233	-1	-1
1235	22	116	-1	1236	-1	1234	-1	-1
1236	23	116	-1	1237	-1	1235	-1	-1
1237	24	116	1212	1238	-1	1236	219	-1
1238	25	116	-1	1239	-1	1237	-1	-1
1239	26	116	-1	1240	-1	1238	-1	-1
1240	27	116	-1	1241	-1	1239	-1	-1
1241	28	116	-1	1242	-1	1240	220	-1
1242	29	116	-1	1243	-1	1241	-1	-1
1243	30	116	-1	1244	-1	1242	-1	-1
1244	31	116	-1	1245	-1	1243	-1	-1
1245	32	116	-1	1246	-1	1244	221	-1
1246	33	116	-1	1247	-1	1245	-1	-1
1247	34	116	-1	1248	-1	1246	-1	-1
1248	35	116	-1	1249	-1	1247	-1	-1
1249	36	116	-1	1250	-1	1248	222	-1
1250	37	116	-1	1251	-1	1249	-1	-1
1251	38	116	-1	1252	-1	1250	-1	-1
1252	39	116	-1	1253	-1	1251	-1	-1
1253	40	116	-1	1254	-1	1252	223	-1
1254	41	116	-1	1255	-1	1253	-1	-1
1255	42	116	-1	1256	-1	1254	-1	-1
1256	43	116	-1	1257	-1	1255	-1	-1
1257	44	116	-1	1258	-1	1256	224	-1
1258	45	116	-1	1259	-1	1257	-1	-1
1259	46	116	-1	1260	-1	1258	-1	-1
1260	47	116	-1	1261	-1	1259	-1	-1
1261	48	116	1213	1262	-1	1260	225	-1
1262	49	116	-1	1263	-1	1261	-1	-1
1263	50	116	-1	1264	-1	1262	-1	-1
1264	51	116	-1	1265	-1	1263	-1	-1
1265	52	116	-1	1266	-1	1264	226	-1
1266	53	116	-1	1267	-1	1265	-1	-1
1267	54	116	-1	1268	-1	1266	-1	-1
1268	55	116	-1	1269	-1	1267	-1	-1
1269	56	116	-1	1270	-1	1268	227	-1
1270	57	116	-1	1271	-1	1269	-1	-1
1271	58	116	-1	1272	-1	1270	-1	-1
1272	59	116	-1	1273	-1	1271	-1	-1
1273	60	116	1214	1274	-1	1272	228	-1
1274	61	116	-1	1275	-1	1273	-1	-1
1275	62	116	-1	1276	-1	1274	-1	-1
1276	63	116	-1	1277	-1	1275	-1	-1
1277	64	116	-1	1278	-1	1276	229	-1
1278	65	116	-1	1279	-1	1277	-1	-1
1279	66	116	-1	1280	-1	1278	-1	-1
1280	67	116	-1	1281	-1	1279	-1	-1
1281	68	116	-1	1282	-1	1280	230	-1
1282	69	116	-1	1283	-1	1281	-1	-1
1283	70	116	-1	1284	-1	1282	-1	-1
1284	71	116	-1	1285	-1	1283	-1	-1
1285	72	116	-1	1286	-1	1284	231	-1
1286	73	116	-1	1287	-1	1285	-1	-1
1287	74	116	-1	1288	-1	1286	-1	-1
1288	75	116	-1	1289	-1	1287	-1	-1
1289	76	116	-1	1290	-1	1288	232	-1
1290	77	116	-1	1291	-1	1289	-1	-1
1291	78	116	-1	1292	-1	1290	-1	-1
1292	79	116	-1	1293	-1	1291	-1	-1
1293	80	116	-1	1294	-1	1292	233	-1
1294	81	116	-1	1295	-1	1293	-1	-1
1295	82	116	-1	1296	-1	1294	-1	-1
1296	83	116	-1	1297	-1	1295	-1	-1
1297	84	116	1215	1298	-1	1296	234	-1
1298	85	116	-1	1299	-1	1297	-1	-1
1299	86	116	-1	1300	-1	1298	-1	-1
1300	87	116	-1	1301	-1	1299	-1	-1
1301	88	116	-1	1302	-1	1300	235	-1
1302	89	116	-1	1303	-1	1301	-1	-1
1303	90	116	-1	1304	-1	1302	-1	-1
1304	91	116	-1	1305	-1	1303	-1	-1
1305	92	116	-1	1306	-1	1304	236	-1
1306	93	116	-1	1307	-1	1305	-1	-1
1307	94	116	-1	1308	-1	1306	-1	-1
1308	95	116	-1	1309	-1	1307	-1	-1
1309	96	116	-1	1310	-1	1308	237	-1
1310	97	116	-1	1311	-1	1309	-1	-1
1311	98	116	-1	1312	-1	1310	-1	-1
1312	99	116	-1	1313	-1	1311	-1	-1
1313	100	116	-1	1314	-1	1312	238	-1
1314	101	116	-1	1315	-1	1313	-1	-1
1315	102	116	-1	1316	-1	1314	-1	-1
1316	103	116	-1	1317	-1	1315	-1	-1
1317	104	116	1216	-1	-1	1316	239	-1
1318	50	56	-1	-1	-1	-1	-1	-1
