c	1060	1379	525	1380	238	4	44
0	4	4	-1	1	79	-1	0	-1
1	5	4	-1	2	-1	0	-1	-1
2	6	4	-1	3	-1	1	-1	-1
3	7	4	-1	4	-1	2	-1	-1
4	8	4	-1	5	-1	3	1	-1
5	9	4	-1	6	-1	4	-1	-1
6	10	4	-1	7	-1	5	-1	-1
7	11	4	-1	8	-1	6	-1	-1
8	12	4	-1	9	-1	7	2	-1
9	13	4	-1	10	-1	8	-1	-1
10	14	4	-1	11	-1	9	-1	-1
11	15	4	-1	12	-1	10	-1	-1
12	16	4	-1	13	-1	11	3	-1
13	17	4	-1	14	-1	12	-1	-1
14	18	4	-1	15	-1	13	-1	-1
15	19	4	-1	16	-1	14	-1	-1
16	20	4	-1	17	-1	15	4	-1
17	21	4	-1	18	-1	16	-1	-1
18	22	4	-1	19	-1	17	-1	-1
19	23	4	-1	20	-1	18	-1	-1
20	24	4	-1	21	-1	19	5	-1
21	25	4	-1	22	-1	20	-1	-1
22	26	4	-1	23	-1	21	-1	-1
23	27	4	-1	24	-1	22	-1	-1
24	28	4	-1	25	-1	23	6	-1
25	29	4	-1	26	-1	24	-1	-1
26	30	4	-1	27	-1	25	-1	-1
27	31	4	-1	28	-1	26	-1	-1
28	32	4	-1	29	-1	27	7	-1
29	33	4	-1	30	-1	28	-1	-1
30	34	4	-1	31	-1	29	-1	-1
31	35	4	-1	32	-1	30	-1	-1
32	36	4	-1	-1	80	31	8	-1
33	48	4	-1	34	81	-1	9	-1
34	49	4	-1	35	-1	33	-1	-1
35	50	4	-1	36	-1	34	-1	-1
36	51	4	-1	37	-1	35	-1	-1
37	52	4	-1	38	-1	36	10	-1
38	53	4	-1	39	-1	37	-1	-1
39	54	4	-1	40	-1	38	-1	-1
40	55	4	-1	41	-1	39	-1	-1
41	56	4	-1	42	-1	40	11	-1
42	57	4	-1	43	-1	41	-1	-1
43	58	4	-1	44	-1	42	-1	-1
44	59	4	-1	45	-1	43	-1	-1
45	60	4	-1	-1	82	44	12	-1
46	72	4	-1	47	83	-1	13	-1
47	73	4	-1	48	-1	46	-1	-1
48	74	4	-1	49	-1	47	-1	-1
49	75	4	-1	50	-1	48	-1	-1
50	76	4	-1	51	-1	49	14	-1
51	77	4	-1	52	-1	50	-1	-1
52	78	4	-1	53	-1	51	-1	-1
53	79	4	-1	54	-1	52	-1	-1
54	80	4	-1	55	-1	53	15	-1
55	81	4	-1	56	-1	54	-1	-1
56	82	4	-1	57	-1	55	-1	-1
57	83	4	-1	58	-1	56	-1	-1
58	84	4	-1	59	-1	57	16	-1
59	85	4	-1	60	-1	58	-1	-1
60	86	4	-1	61	-1	59	-1	-1
61	87	4	-1	62	-1	60	-1	-1
62	88	4	-1	63	-1	61	17	-1
63	89	4	-1	64	-1	62	-1	-1
64	90	4	-1	65	-1	63	-1	-1
65	91	4	-1	66	-1	64	-1	-1
66	92	4	-1	67	-1	65	18	-1
67	93	4	-1	68	-1	66	-1	-1
68	94	4	-1	69	-1	67	-1	-1
69	95	4	-1	70	-1	68	-1	-1
70	96	4	-1	71	-1	69	19	-1
71	97	4	-1	72	-1	70	-1	-1
72	98	4	-1	73	-1	71	-1	-1
73	99	4	-1	74	-1	72	-1	-1
74	100	4	-1	75	-1	73	20	-1
75	101	4	-1	76	-1	74	-1	-1
76	102	4	-1	77	-1	75	-1	-1
77	103	4	-1	78	-1	76	-1	-1
78	104	4	-1	-1	84	77	21	-1
79	4	5	0	-1	85	-1	-1	-1
80	36	5	32	-1	86	-1	-1	-1
81	48	5	33	-1	87	-1	-1	-1
82	60	5	45	-1	88	-1	-1	-1
83	72	5	46	-1	89	-1	-1	-1
84	104	5	78	-1	90	-1	-1	-1
85	4	6	79	-1	91	-1	-1	-1
86	36	6	80	-1	92	-1	-1	-1
87	48	6	81	-1	93	-1	-1	-1
88	60	6	82	-1	94	-1	-1	-1
89	72	6	83	-1	95	-1	-1	-1
90	104	6	84	-1	96	-1	-1	-1
91	4	7	85	-1	97	-1	-1	-1
92	36	7	86	-1	98	-1	-1	-1
93	48	7	87	-1	99	-1	-1	-1
94	60	7	88	-1	100	-1	-1	-1
95	72	7	89	-1	101	-1	-1	-1
96	104	7	90	-1	102	-1	-1	-1
97	4	8	91	-1	103	-1	22	-1
98	36	8	92	-1	104	-1	23	-1
99	48	8	93	-1	105	-1	24	-1
100	60	8	94	-1	106	-1	25	-1
101	72	8	95	-1	107	-1	26	-1
102	104	8	96	-1	108	-1	27	-1
103	4	9	97	-1	109	-1	-1	-1
104	36	9	98	-1	110	-1	-1	-1
105	48	9	99	-1	111	-1	-1	-1
106	60	9	100	-1	112	-1	-1	-1
107	72	9	101	-1	113	-1	-1	-1
108	104	9	102	-1	114	-1	-1	-1
109	4	10	103	-1	115	-1	-1	-1
110	36	10	104	-1	116	-1	-1	-1
111	48	10	105	-1	117	-1	-1	-1
112	60	10	106	-1	118	-1	-1	-1
113	72	10	107	-1	119	-1	-1	-1
114	104	10	108	-1	120	-1	-1	-1
115	4	11	109	-1	121	-1	-1	-1
116	36	11	110	-1	122	-1	-1	-1
117	48	11	111	-1	123	-1	-1	-1
118	60	11	112	-1	124	-1	-1	-1
119	72	11	113	-1	125	-1	-1	-1
120	104	11	114	-1	126	-1	-1	-1
121	4	12	115	-1	127	-1	-1	0
122	36	12	116	-1	128	-1	28	-1
123	48	12	117	-1	129	-1	29	-1
124	60	12	118	-1	130	-1	30	-1
125	72	12	119	-1	131	-1	31	-1
126	104	12	120	-1	132	-1	-1	1
127	4	13	121	-1	133	-1	-1	-1
128	36	13	122	-1	134	-1	-1	-1
129	48	13	123	-1	135	-1	-1	-1
130	60	13	124	-1	136	-1	-1	-1
131	72	13	125	-1	137	-1	-1	-1
132	104	13	126	-1	138	-1	-1	-1
133	4	14	127	-1	139	-1	-1	-1
134	36	14	128	-1	140	-1	-1	-1
135	48	14	129	-1	141	-1	-1	-1
136	60	14	130	-1	142	-1	-1	-1
137	72	14	131	-1	143	-1	-1	-1
138	104	14	132	-1	144	-1	-1	-1
139	4	15	133	-1	145	-1	-1	-1
140	36	15	134	-1	166	-1	-1	-1
141	48	15	135	-1	178	-1	-1	-1
142	60	15	136	-1	179	-1	-1	-1
143	72	15	137	-1	191	-1	-1	-1
144	104	15	138	-1	212	-1	-1	-1
145	4	16	139	-1	213	-1	32	-1
146	16	16	-1	147	214	-1	33	-1
147	17	16	-1	148	-1	146	-1	-1
148	18	16	-1	149	-1	147	-1	-1
149	19	16	-1	150	-1	148	-1	-1
150	20	16	-1	151	-1	149	34	-1
151	21	16	-1	152	-1	150	-1	-1
152	22	16	-1	153	-1	151	-1	-1
153	23	16	-1	154	-1	152	-1	-1
154	24	16	-1	155	-1	153	35	-1
155	25	16	-1	156	-1	154	-1	-1
156	26	16	-1	157	-1	155	-1	-1
157	27	16	-1	158	-1	156	-1	-1
158	28	16	-1	159	215	157	36	-1
159	29	16	-1	160	-1	158	-1	-1
160	30	16	-1	161	-1	159	-1	-1
161	31	16	-1	162	-1	160	-1	-1
162	32	16	-1	163	-1	161	37	-1
163	33	16	-1	164	-1	162	-1	-1
164	34	16	-1	165	-1	163	-1	-1
165	35	16	-1	166	-1	164	-1	-1
166	36	16	140	167	-1	165	38	-1
167	37	16	-1	168	-1	166	-1	-1
168	38	16	-1	169	-1	167	-1	-1
169	39	16	-1	170	-1	168	-1	-1
170	40	16	-1	171	-1	169	39	-1
171	41	16	-1	172	-1	170	-1	-1
172	42	16	-1	173	-1	171	-1	-1
173	43	16	-1	174	-1	172	-1	-1
174	44	16	-1	175	-1	173	40	-1
175	45	16	-1	176	-1	174	-1	-1
176	46	16	-1	177	-1	175	-1	-1
177	47	16	-1	178	-1	176	-1	-1
178	48	16	141	-1	216	177	41	-1
179	60	16	142	180	217	-1	42	-1
180	61	16	-1	181	-1	179	-1	-1
181	62	16	-1	182	-1	180	-1	-1
182	63	16	-1	183	-1	181	-1	-1
183	64	16	-1	184	-1	182	43	-1
184	65	16	-1	185	-1	183	-1	-1
185	66	16	-1	186	-1	184	-1	-1
186	67	16	-1	187	-1	185	-1	-1
187	68	16	-1	188	-1	186	44	-1
188	69	16	-1	189	-1	187	-1	-1
189	70	16	-1	190	-1	188	-1	-1
190	71	16	-1	191	-1	189	-1	-1
191	72	16	143	192	-1	190	45	-1
192	73	16	-1	193	-1	191	-1	-1
193	74	16	-1	194	-1	192	-1	-1
194	75	16	-1	195	-1	193	-1	-1
195	76	16	-1	196	-1	194	46	-1
196	77	16	-1	197	-1	195	-1	-1
197	78	16	-1	198	-1	196	-1	-1
198	79	16	-1	199	-1	197	-1	-1
199	80	16	-1	200	218	198	47	-1
200	81	16	-1	201	-1	199	-1	-1
201	82	16	-1	202	-1	200	-1	-1
202	83	16	-1	203	-1	201	-1	-1
203	84	16	-1	204	-1	202	48	-1
204	85	16	-1	205	-1	203	-1	-1
205	86	16	-1	206	-1	204	-1	-1
206	87	16	-1	207	-1	205	-1	-1
207	88	16	-1	208	-1	206	49	-1
208	89	16	-1	209	-1	207	-1	-1
209	90	16	-1	210	-1	208	-1	-1
210	91	16	-1	211	-1	209	-1	-1
211	92	16	-1	-1	219	210	50	-1
212	104	16	144	-1	220	-1	51	-1
213	4	17	145	-1	221	-1	-1	-1
214	16	17	146	-1	222	-1	-1	-1
215	28	17	158	-1	223	-1	-1	-1
216	48	17	178	-1	224	-1	-1	-1
217	60	17	179	-1	225	-1	-1	-1
218	80	17	199	-1	226	-1	-1	-1
219	92	17	211	-1	227	-1	-1	-1
220	104	17	212	-1	228	-1	-1	-1
221	4	18	213	-1	229	-1	-1	-1
222	16	18	214	-1	230	-1	-1	-1
223	28	18	215	-1	231	-1	-1	-1
224	48	18	216	-1	232	-1	-1	-1
225	60	18	217	-1	233	-1	-1	-1
226	80	18	218	-1	234	-1	-1	-1
227	92	18	219	-1	235	-1	-1	-1
228	104	18	220	-1	236	-1	-1	-1
229	4	19	221	-1	237	-1	-1	-1
230	16	19	222	-1	238	-1	-1	-1
231	28	19	223	-1	239	-1	-1	-1
232	48	19	224	-1	240	-1	-1	-1
233	60	19	225	-1	241	-1	-1	-1
234	80	19	226	-1	242	-1	-1	-1
235	92	19	227	-1	243	-1	-1	-1
236	104	19	228	-1	244	-1	-1	-1
237	4	20	229	-1	245	-1	52	-1
238	16	20	230	-1	246	-1	53	-1
239	28	20	231	-1	247	-1	54	-1
240	48	20	232	-1	248	-1	55	-1
241	60	20	233	-1	249	-1	56	-1
242	80	20	234	-1	250	-1	57	-1
243	92	20	235	-1	251	-1	58	-1
244	104	20	236	-1	252	-1	59	-1
245	4	21	237	-1	253	-1	-1	-1
246	16	21	238	-1	254	-1	-1	-1
247	28	21	239	-1	255	-1	-1	-1
248	48	21	240	-1	256	-1	-1	-1
249	60	21	241	-1	257	-1	-1	-1
250	80	21	242	-1	258	-1	-1	-1
251	92	21	243	-1	259	-1	-1	-1
252	104	21	244	-1	260	-1	-1	-1
253	4	22	245	-1	261	-1	-1	-1
254	16	22	246	-1	262	-1	-1	-1
255	28	22	247	-1	263	-1	-1	-1
256	48	22	248	-1	264	-1	-1	-1
257	60	22	249	-1	265	-1	-1	-1
258	80	22	250	-1	266	-1	-1	-1
259	92	22	251	-1	267	-1	-1	-1
260	104	22	252	-1	268	-1	-1	-1
261	4	23	253	-1	269	-1	-1	-1
262	16	23	254	-1	281	-1	-1	-1
263	28	23	255	-1	282	-1	-1	-1
264	48	23	256	-1	283	-1	-1	-1
265	60	23	257	-1	284	-1	-1	-1
266	80	23	258	-1	285	-1	-1	-1
267	92	23	259	-1	286	-1	-1	-1
268	104	23	260	-1	298	-1	-1	-1
269	4	24	261	270	-1	-1	60	-1
270	5	24	-1	271	-1	269	-1	-1
271	6	24	-1	272	-1	270	-1	-1
272	7	24	-1	273	-1	271	-1	-1
273	8	24	-1	274	-1	272	61	-1
274	9	24	-1	275	-1	273	-1	-1
275	10	24	-1	276	-1	274	-1	-1
276	11	24	-1	277	-1	275	-1	-1
277	12	24	-1	278	-1	276	62	-1
278	13	24	-1	279	-1	277	-1	-1
279	14	24	-1	280	-1	278	-1	-1
280	15	24	-1	281	-1	279	-1	-1
281	16	24	262	-1	299	280	63	-1
282	28	24	263	-1	300	-1	64	-1
283	48	24	264	-1	301	-1	65	-1
284	60	24	265	-1	302	-1	66	-1
285	80	24	266	-1	303	-1	67	-1
286	92	24	267	287	304	-1	68	-1
287	93	24	-1	288	-1	286	-1	-1
288	94	24	-1	289	-1	287	-1	-1
289	95	24	-1	290	-1	288	-1	-1
290	96	24	-1	291	-1	289	69	-1
291	97	24	-1	292	-1	290	-1	-1
292	98	24	-1	293	-1	291	-1	-1
293	99	24	-1	294	-1	292	-1	-1
294	100	24	-1	295	-1	293	70	-1
295	101	24	-1	296	-1	294	-1	-1
296	102	24	-1	297	-1	295	-1	-1
297	103	24	-1	298	-1	296	-1	-1
298	104	24	268	-1	-1	297	71	-1
299	16	25	281	-1	305	-1	-1	-1
300	28	25	282	-1	306	-1	-1	-1
301	48	25	283	-1	307	-1	-1	-1
302	60	25	284	-1	308	-1	-1	-1
303	80	25	285	-1	309	-1	-1	-1
304	92	25	286	-1	310	-1	-1	-1
305	16	26	299	-1	311	-1	-1	-1
306	28	26	300	-1	312	-1	-1	-1
307	48	26	301	-1	313	-1	-1	-1
308	60	26	302	-1	314	-1	-1	-1
309	80	26	303	-1	315	-1	-1	-1
310	92	26	304	-1	316	-1	-1	-1
311	16	27	305	-1	317	-1	-1	-1
312	28	27	306	-1	318	-1	-1	-1
313	48	27	307	-1	319	-1	-1	-1
314	60	27	308	-1	320	-1	-1	-1
315	80	27	309	-1	321	-1	-1	-1
316	92	27	310	-1	322	-1	-1	-1
317	16	28	311	-1	323	-1	72	-1
318	28	28	312	-1	324	-1	73	-1
319	48	28	313	-1	325	-1	74	-1
320	60	28	314	-1	326	-1	75	-1
321	80	28	315	-1	327	-1	76	-1
322	92	28	316	-1	328	-1	77	-1
323	16	29	317	-1	329	-1	-1	-1
324	28	29	318	-1	330	-1	-1	-1
325	48	29	319	-1	331	-1	-1	-1
326	60	29	320	-1	332	-1	-1	-1
327	80	29	321	-1	333	-1	-1	-1
328	92	29	322	-1	334	-1	-1	-1
329	16	30	323	-1	335	-1	-1	-1
330	28	30	324	-1	336	-1	-1	-1
331	48	30	325	-1	337	-1	-1	-1
332	60	30	326	-1	338	-1	-1	-1
333	80	30	327	-1	339	-1	-1	-1
334	92	30	328	-1	340	-1	-1	-1
335	16	31	329	-1	341	-1	-1	-1
336	28	31	330	-1	342	-1	-1	-1
337	48	31	331	-1	362	-1	-1	-1
338	60	31	332	-1	374	-1	-1	-1
339	80	31	333	-1	394	-1	-1	-1
340	92	31	334	-1	395	-1	-1	-1
341	16	32	335	-1	396	-1	78	-1
342	28	32	336	343	-1	-1	79	-1
343	29	32	-1	344	-1	342	-1	-1
344	30	32	-1	345	-1	343	-1	-1
345	31	32	-1	346	-1	344	-1	-1
346	32	32	-1	347	-1	345	80	-1
347	33	32	-1	348	-1	346	-1	-1
348	34	32	-1	349	-1	347	-1	-1
349	35	32	-1	350	-1	348	-1	-1
350	36	32	-1	351	397	349	81	-1
351	37	32	-1	352	-1	350	-1	-1
352	38	32	-1	353	-1	351	-1	-1
353	39	32	-1	354	-1	352	-1	-1
354	40	32	-1	355	-1	353	82	-1
355	41	32	-1	356	-1	354	-1	-1
356	42	32	-1	357	-1	355	-1	-1
357	43	32	-1	358	-1	356	-1	-1
358	44	32	-1	359	-1	357	83	-1
359	45	32	-1	360	-1	358	-1	-1
360	46	32	-1	361	-1	359	-1	-1
361	47	32	-1	362	-1	360	-1	-1
362	48	32	337	363	-1	361	84	-1
363	49	32	-1	364	-1	362	-1	-1
364	50	32	-1	365	-1	363	-1	-1
365	51	32	-1	366	-1	364	-1	-1
366	52	32	-1	367	-1	365	85	-1
367	53	32	-1	368	-1	366	-1	-1
368	54	32	-1	369	-1	367	-1	-1
369	55	32	-1	370	-1	368	-1	-1
370	56	32	-1	371	-1	369	86	-1
371	57	32	-1	372	-1	370	-1	-1
372	58	32	-1	373	-1	371	-1	-1
373	59	32	-1	374	-1	372	-1	-1
374	60	32	338	375	-1	373	87	-1
375	61	32	-1	376	-1	374	-1	-1
376	62	32	-1	377	-1	375	-1	-1
377	63	32	-1	378	-1	376	-1	-1
378	64	32	-1	379	-1	377	88	-1
379	65	32	-1	380	-1	378	-1	-1
380	66	32	-1	381	-1	379	-1	-1
381	67	32	-1	382	-1	380	-1	-1
382	68	32	-1	383	-1	381	89	-1
383	69	32	-1	384	-1	382	-1	-1
384	70	32	-1	385	-1	383	-1	-1
385	71	32	-1	386	-1	384	-1	-1
386	72	32	-1	387	398	385	90	-1
387	73	32	-1	388	-1	386	-1	-1
388	74	32	-1	389	-1	387	-1	-1
389	75	32	-1	390	-1	388	-1	-1
390	76	32	-1	391	-1	389	91	-1
391	77	32	-1	392	-1	390	-1	-1
392	78	32	-1	393	-1	391	-1	-1
393	79	32	-1	394	-1	392	-1	-1
394	80	32	339	-1	-1	393	92	-1
395	92	32	340	-1	399	-1	93	-1
396	16	33	341	-1	400	-1	-1	-1
397	36	33	350	-1	401	-1	-1	-1
398	72	33	386	-1	402	-1	-1	-1
399	92	33	395	-1	403	-1	-1	-1
400	16	34	396	-1	404	-1	-1	-1
401	36	34	397	-1	405	-1	-1	-1
402	72	34	398	-1	406	-1	-1	-1
403	92	34	399	-1	407	-1	-1	-1
404	16	35	400	-1	424	-1	-1	-1
405	36	35	401	-1	425	-1	-1	-1
406	72	35	402	-1	426	-1	-1	-1
407	92	35	403	-1	427	-1	-1	-1
408	0	36	-1	409	-1	443	-1	-1
409	1	36	-1	410	-1	408	-1	-1
410	2	36	-1	411	-1	409	-1	-1
411	3	36	-1	412	-1	410	-1	-1
412	4	36	-1	413	444	411	94	-1
413	5	36	-1	414	-1	412	-1	-1
414	6	36	-1	415	-1	413	-1	-1
415	7	36	-1	416	-1	414	-1	-1
416	8	36	-1	417	-1	415	95	-1
417	9	36	-1	418	-1	416	-1	-1
418	10	36	-1	419	-1	417	-1	-1
419	11	36	-1	420	-1	418	-1	-1
420	12	36	-1	421	-1	419	96	-1
421	13	36	-1	422	-1	420	-1	-1
422	14	36	-1	423	-1	421	-1	-1
423	15	36	-1	424	-1	422	-1	-1
424	16	36	404	-1	445	423	97	-1
425	36	36	405	-1	446	-1	-1	-1
426	72	36	406	-1	447	-1	-1	-1
427	92	36	407	428	448	-1	98	-1
428	93	36	-1	429	-1	427	-1	-1
429	94	36	-1	430	-1	428	-1	-1
430	95	36	-1	431	-1	429	-1	-1
431	96	36	-1	432	-1	430	99	-1
432	97	36	-1	433	-1	431	-1	-1
433	98	36	-1	434	-1	432	-1	-1
434	99	36	-1	435	-1	433	-1	-1
435	100	36	-1	436	-1	434	100	-1
436	101	36	-1	437	-1	435	-1	-1
437	102	36	-1	438	-1	436	-1	-1
438	103	36	-1	439	-1	437	-1	-1
439	104	36	-1	440	449	438	101	-1
440	105	36	-1	441	-1	439	-1	-1
441	106	36	-1	442	-1	440	-1	-1
442	107	36	-1	443	-1	441	-1	-1
443	108	36	-1	408	-1	442	-1	-1
444	4	37	412	-1	450	-1	-1	-1
445	16	37	424	-1	451	-1	-1	-1
446	36	37	425	-1	452	-1	-1	-1
447	72	37	426	-1	453	-1	-1	-1
448	92	37	427	-1	454	-1	-1	-1
449	104	37	439	-1	455	-1	-1	-1
450	4	38	444	-1	456	-1	-1	-1
451	16	38	445	-1	457	-1	-1	-1
452	36	38	446	-1	458	-1	-1	-1
453	72	38	447	-1	459	-1	-1	-1
454	92	38	448	-1	460	-1	-1	-1
455	104	38	449	-1	461	-1	-1	-1
456	4	39	450	-1	462	-1	-1	-1
457	16	39	451	-1	463	-1	-1	-1
458	36	39	452	-1	464	-1	-1	-1
459	72	39	453	-1	465	-1	-1	-1
460	92	39	454	-1	466	-1	-1	-1
461	104	39	455	-1	467	-1	-1	-1
462	4	40	456	-1	468	-1	102	-1
463	16	40	457	-1	469	-1	-1	-1
464	36	40	458	-1	470	-1	-1	-1
465	72	40	459	-1	471	-1	-1	-1
466	92	40	460	-1	472	-1	-1	-1
467	104	40	461	-1	473	-1	103	-1
468	4	41	462	-1	474	-1	-1	-1
469	16	41	463	-1	475	-1	-1	-1
470	36	41	464	-1	476	-1	-1	-1
471	72	41	465	-1	477	-1	-1	-1
472	92	41	466	-1	478	-1	-1	-1
473	104	41	467	-1	479	-1	-1	-1
474	4	42	468	-1	480	-1	-1	-1
475	16	42	469	-1	481	-1	-1	-1
476	36	42	470	-1	482	-1	-1	-1
477	72	42	471	-1	483	-1	-1	-1
478	92	42	472	-1	484	-1	-1	-1
479	104	42	473	-1	485	-1	-1	-1
480	4	43	474	-1	486	-1	-1	-1
481	16	43	475	-1	487	-1	-1	-1
482	36	43	476	-1	507	-1	-1	-1
483	72	43	477	-1	543	-1	-1	-1
484	92	43	478	-1	563	-1	-1	-1
485	104	43	479	-1	564	-1	-1	-1
486	4	44	480	-1	565	-1	104	-1
487	16	44	481	488	-1	-1	-1	-1
488	17	44	-1	489	-1	487	-1	-1
489	18	44	-1	490	-1	488	-1	-1
490	19	44	-1	491	-1	489	-1	-1
491	20	44	-1	492	-1	490	-1	-1
492	21	44	-1	493	-1	491	-1	-1
493	22	44	-1	494	-1	492	-1	-1
494	23	44	-1	495	-1	493	-1	-1
495	24	44	-1	496	-1	494	-1	-1
496	25	44	-1	497	566	495	-1	-1
497	26	44	-1	498	-1	496	-1	-1
498	27	44	-1	499	-1	497	-1	-1
499	28	44	-1	500	-1	498	-1	-1
500	29	44	-1	501	-1	499	-1	-1
501	30	44	-1	502	-1	500	-1	-1
502	31	44	-1	503	-1	501	-1	-1
503	32	44	-1	504	-1	502	-1	-1
504	33	44	-1	505	-1	503	-1	-1
505	34	44	-1	506	-1	504	-1	-1
506	35	44	-1	507	-1	505	-1	-1
507	36	44	482	508	567	506	-1	-1
508	37	44	-1	509	-1	507	-1	-1
509	38	44	-1	510	-1	508	-1	-1
510	39	44	-1	511	-1	509	-1	-1
511	40	44	-1	512	-1	510	-1	-1
512	41	44	-1	513	-1	511	-1	-1
513	42	44	-1	514	-1	512	-1	-1
514	43	44	-1	515	-1	513	-1	-1
515	44	44	-1	516	-1	514	-1	-1
516	45	44	-1	517	-1	515	-1	-1
517	46	44	-1	518	-1	516	-1	-1
518	47	44	-1	519	-1	517	-1	-1
519	48	44	-1	520	-1	518	-1	-1
520	49	44	-1	521	-1	519	-1	-1
521	50	44	-1	522	-1	520	-1	-1
522	51	44	-1	523	-1	521	-1	-1
523	52	44	-1	524	-1	522	-1	-1
524	53	44	-1	525	-1	523	-1	-1
525	54	44	-1	526	-1	524	-1	-1
526	55	44	-1	527	-1	525	-1	-1
527	56	44	-1	528	-1	526	-1	-1
528	57	44	-1	529	-1	527	-1	-1
529	58	44	-1	530	-1	528	-1	-1
530	59	44	-1	531	-1	529	-1	-1
531	60	44	-1	532	-1	530	-1	-1
532	61	44	-1	533	-1	531	-1	-1
533	62	44	-1	534	-1	532	-1	-1
534	63	44	-1	535	-1	533	-1	-1
535	64	44	-1	536	-1	534	-1	-1
536	65	44	-1	537	-1	535	-1	-1
537	66	44	-1	538	-1	536	-1	-1
538	67	44	-1	539	-1	537	-1	-1
539	68	44	-1	540	-1	538	-1	-1
540	69	44	-1	541	-1	539	-1	-1
541	70	44	-1	542	-1	540	-1	-1
542	71	44	-1	543	-1	541	-1	-1
543	72	44	483	544	568	542	-1	-1
544	73	44	-1	545	-1	543	-1	-1
545	74	44	-1	546	-1	544	-1	-1
546	75	44	-1	547	-1	545	-1	-1
547	76	44	-1	548	-1	546	-1	-1
548	77	44	-1	549	-1	547	-1	-1
549	78	44	-1	550	-1	548	-1	-1
550	79	44	-1	551	-1	549	-1	-1
551	80	44	-1	552	-1	550	-1	-1
552	81	44	-1	553	-1	551	-1	-1
553	82	44	-1	554	-1	552	-1	-1
554	83	44	-1	555	-1	553	-1	-1
555	84	44	-1	556	569	554	-1	-1
556	85	44	-1	557	-1	555	-1	-1
557	86	44	-1	558	-1	556	-1	-1
558	87	44	-1	559	-1	557	-1	-1
559	88	44	-1	560	-1	558	-1	-1
560	89	44	-1	561	-1	559	-1	-1
561	90	44	-1	562	-1	560	-1	-1
562	91	44	-1	563	-1	561	-1	-1
563	92	44	484	-1	-1	562	-1	-1
564	104	44	485	-1	570	-1	105	-1
565	4	45	486	-1	571	-1	-1	-1
566	25	45	496	-1	572	-1	-1	-1
567	36	45	507	-1	573	-1	-1	-1
568	72	45	543	-1	574	-1	-1	-1
569	84	45	555	-1	575	-1	-1	-1
570	104	45	564	-1	576	-1	-1	-1
571	4	46	565	-1	577	-1	-1	-1
572	25	46	566	-1	578	-1	-1	-1
573	36	46	567	-1	579	-1	-1	-1
574	72	46	568	-1	580	-1	-1	-1
575	84	46	569	-1	581	-1	-1	-1
576	104	46	570	-1	582	-1	-1	-1
577	4	47	571	-1	583	-1	-1	-1
578	25	47	572	-1	584	-1	-1	-1
579	36	47	573	-1	585	-1	-1	-1
580	72	47	574	-1	586	-1	-1	-1
581	84	47	575	-1	587	-1	-1	-1
582	104	47	576	-1	588	-1	-1	-1
583	4	48	577	-1	589	-1	106	-1
584	25	48	578	-1	590	-1	-1	-1
585	36	48	579	-1	591	-1	-1	-1
586	72	48	580	-1	592	-1	-1	-1
587	84	48	581	-1	593	-1	-1	-1
588	104	48	582	-1	594	-1	107	-1
589	4	49	583	-1	595	-1	-1	-1
590	25	49	584	-1	596	-1	-1	-1
591	36	49	585	-1	597	-1	-1	-1
592	72	49	586	-1	598	-1	-1	-1
593	84	49	587	-1	599	-1	-1	-1
594	104	49	588	-1	600	-1	-1	-1
595	4	50	589	-1	601	-1	-1	-1
596	25	50	590	-1	602	-1	-1	-1
597	36	50	591	-1	603	-1	-1	-1
598	72	50	592	-1	604	-1	-1	-1
599	84	50	593	-1	605	-1	-1	-1
600	104	50	594	-1	606	-1	-1	-1
601	4	51	595	-1	607	-1	-1	-1
602	25	51	596	-1	608	-1	-1	-1
603	36	51	597	-1	609	-1	-1	-1
604	72	51	598	-1	610	-1	-1	-1
605	84	51	599	-1	611	-1	-1	-1
606	104	51	600	-1	612	-1	-1	-1
607	4	52	601	-1	613	-1	108	-1
608	25	52	602	-1	614	-1	-1	-1
609	36	52	603	-1	615	-1	-1	-1
610	72	52	604	-1	616	-1	-1	-1
611	84	52	605	-1	617	-1	-1	-1
612	104	52	606	-1	618	-1	109	-1
613	4	53	607	-1	619	-1	-1	-1
614	25	53	608	-1	620	-1	-1	-1
615	36	53	609	-1	621	-1	-1	-1
616	72	53	610	-1	622	-1	-1	-1
617	84	53	611	-1	623	-1	-1	-1
618	104	53	612	-1	624	-1	-1	-1
619	4	54	613	-1	625	-1	-1	-1
620	25	54	614	-1	626	-1	-1	-1
621	36	54	615	-1	627	-1	-1	-1
622	72	54	616	-1	628	-1	-1	-1
623	84	54	617	-1	629	-1	-1	-1
624	104	54	618	-1	630	-1	-1	-1
625	4	55	619	-1	631	-1	-1	-1
626	25	55	620	-1	652	-1	-1	-1
627	36	55	621	-1	653	-1	-1	-1
628	72	55	622	-1	654	-1	-1	-1
629	84	55	623	-1	655	-1	-1	-1
630	104	55	624	-1	675	-1	-1	-1
631	4	56	625	632	676	-1	110	-1
632	5	56	-1	633	-1	631	-1	-1
633	6	56	-1	634	-1	632	-1	-1
634	7	56	-1	635	-1	633	-1	-1
635	8	56	-1	636	-1	634	-1	-1
636	9	56	-1	637	-1	635	-1	-1
637	10	56	-1	638	-1	636	-1	-1
638	11	56	-1	639	-1	637	-1	-1
639	12	56	-1	640	-1	638	-1	-1
640	13	56	-1	641	-1	639	-1	-1
641	14	56	-1	642	-1	640	-1	-1
642	15	56	-1	643	-1	641	-1	-1
643	16	56	-1	644	677	642	-1	-1
644	17	56	-1	645	-1	643	-1	-1
645	18	56	-1	646	-1	644	-1	-1
646	19	56	-1	647	-1	645	-1	-1
647	20	56	-1	648	-1	646	-1	-1
648	21	56	-1	649	-1	647	-1	-1
649	22	56	-1	650	-1	648	-1	-1
650	23	56	-1	651	-1	649	-1	-1
651	24	56	-1	652	-1	650	-1	-1
652	25	56	626	-1	-1	651	-1	-1
653	36	56	627	-1	678	-1	-1	-1
654	72	56	628	-1	679	-1	-1	-1
655	84	56	629	656	-1	-1	-1	-1
656	85	56	-1	657	-1	655	-1	-1
657	86	56	-1	658	-1	656	-1	-1
658	87	56	-1	659	-1	657	-1	-1
659	88	56	-1	660	-1	658	-1	-1
660	89	56	-1	661	-1	659	-1	-1
661	90	56	-1	662	-1	660	-1	-1
662	91	56	-1	663	-1	661	-1	-1
663	92	56	-1	664	680	662	-1	-1
664	93	56	-1	665	-1	663	-1	-1
665	94	56	-1	666	-1	664	-1	-1
666	95	56	-1	667	-1	665	-1	-1
667	96	56	-1	668	-1	666	-1	-1
668	97	56	-1	669	-1	667	-1	-1
669	98	56	-1	670	-1	668	-1	-1
670	99	56	-1	671	-1	669	-1	-1
671	100	56	-1	672	-1	670	-1	-1
672	101	56	-1	673	-1	671	-1	-1
673	102	56	-1	674	-1	672	-1	-1
674	103	56	-1	675	-1	673	-1	-1
675	104	56	630	-1	681	674	111	-1
676	4	57	631	-1	682	-1	-1	-1
677	16	57	643	-1	683	-1	-1	-1
678	36	57	653	-1	684	-1	-1	-1
679	72	57	654	-1	685	-1	-1	-1
680	92	57	663	-1	686	-1	-1	-1
681	104	57	675	-1	687	-1	-1	-1
682	4	58	676	-1	688	-1	-1	-1
683	16	58	677	-1	689	-1	-1	-1
684	36	58	678	-1	690	-1	-1	-1
685	72	58	679	-1	691	-1	-1	-1
686	92	58	680	-1	692	-1	-1	-1
687	104	58	681	-1	693	-1	-1	-1
688	4	59	682	-1	694	-1	-1	-1
689	16	59	683	-1	695	-1	-1	-1
690	36	59	684	-1	696	-1	-1	-1
691	72	59	685	-1	697	-1	-1	-1
692	92	59	686	-1	698	-1	-1	-1
693	104	59	687	-1	699	-1	-1	-1
694	4	60	688	-1	700	-1	112	-1
695	16	60	689	-1	701	-1	-1	-1
696	36	60	690	-1	702	-1	-1	-1
697	72	60	691	-1	703	-1	-1	-1
698	92	60	692	-1	704	-1	-1	-1
699	104	60	693	-1	705	-1	113	-1
700	4	61	694	-1	706	-1	-1	-1
701	16	61	695	-1	707	-1	-1	-1
702	36	61	696	-1	708	-1	-1	-1
703	72	61	697	-1	709	-1	-1	-1
704	92	61	698	-1	710	-1	-1	-1
705	104	61	699	-1	711	-1	-1	-1
706	4	62	700	-1	712	-1	-1	-1
707	16	62	701	-1	713	-1	-1	-1
708	36	62	702	-1	714	-1	-1	-1
709	72	62	703	-1	715	-1	-1	-1
710	92	62	704	-1	716	-1	-1	-1
711	104	62	705	-1	717	-1	-1	-1
712	4	63	706	-1	718	-1	-1	-1
713	16	63	707	-1	719	-1	-1	-1
714	36	63	708	-1	720	-1	-1	-1
715	72	63	709	-1	721	-1	-1	-1
716	92	63	710	-1	722	-1	-1	-1
717	104	63	711	-1	723	-1	-1	-1
718	4	64	712	-1	724	-1	114	-1
719	16	64	713	-1	725	-1	-1	-1
720	36	64	714	-1	726	-1	-1	-1
721	72	64	715	-1	727	-1	-1	-1
722	92	64	716	-1	728	-1	-1	-1
723	104	64	717	-1	729	-1	115	-1
724	4	65	718	-1	730	-1	-1	-1
725	16	65	719	-1	731	-1	-1	-1
726	36	65	720	-1	732	-1	-1	-1
727	72	65	721	-1	733	-1	-1	-1
728	92	65	722	-1	734	-1	-1	-1
729	104	65	723	-1	735	-1	-1	-1
730	4	66	724	-1	736	-1	-1	-1
731	16	66	725	-1	737	-1	-1	-1
732	36	66	726	-1	738	-1	-1	-1
733	72	66	727	-1	739	-1	-1	-1
734	92	66	728	-1	740	-1	-1	-1
735	104	66	729	-1	741	-1	-1	-1
736	4	67	730	-1	742	-1	-1	-1
737	16	67	731	-1	743	-1	-1	-1
738	36	67	732	-1	763	-1	-1	-1
739	72	67	733	-1	799	-1	-1	-1
740	92	67	734	-1	819	-1	-1	-1
741	104	67	735	-1	820	-1	-1	-1
742	4	68	736	-1	821	-1	116	-1
743	16	68	737	744	-1	-1	-1	-1
744	17	68	-1	745	-1	743	-1	-1
745	18	68	-1	746	-1	744	-1	-1
746	19	68	-1	747	-1	745	-1	-1
747	20	68	-1	748	-1	746	-1	-1
748	21	68	-1	749	-1	747	-1	-1
749	22	68	-1	750	-1	748	-1	-1
750	23	68	-1	751	-1	749	-1	-1
751	24	68	-1	752	822	750	-1	-1
752	25	68	-1	753	-1	751	-1	-1
753	26	68	-1	754	-1	752	-1	-1
754	27	68	-1	755	-1	753	-1	-1
755	28	68	-1	756	-1	754	-1	-1
756	29	68	-1	757	-1	755	-1	-1
757	30	68	-1	758	-1	756	-1	-1
758	31	68	-1	759	-1	757	-1	-1
759	32	68	-1	760	-1	758	-1	-1
760	33	68	-1	761	-1	759	-1	-1
761	34	68	-1	762	-1	760	-1	-1
762	35	68	-1	763	-1	761	-1	-1
763	36	68	738	764	-1	762	-1	-1
764	37	68	-1	765	-1	763	-1	-1
765	38	68	-1	766	-1	764	-1	-1
766	39	68	-1	767	-1	765	-1	-1
767	40	68	-1	768	-1	766	-1	-1
768	41	68	-1	769	-1	767	-1	-1
769	42	68	-1	770	-1	768	-1	-1
770	43	68	-1	771	-1	769	-1	-1
771	44	68	-1	772	-1	770	-1	-1
772	45	68	-1	773	-1	771	-1	-1
773	46	68	-1	774	-1	772	-1	-1
774	47	68	-1	775	-1	773	-1	-1
775	48	68	-1	776	823	774	-1	-1
776	49	68	-1	777	-1	775	-1	-1
777	50	68	-1	778	-1	776	-1	-1
778	51	68	-1	779	-1	777	-1	-1
779	52	68	-1	780	-1	778	-1	-1
780	53	68	-1	781	-1	779	-1	-1
781	54	68	-1	782	-1	780	-1	-1
782	55	68	-1	783	-1	781	-1	-1
783	56	68	-1	784	-1	782	-1	-1
784	57	68	-1	785	-1	783	-1	-1
785	58	68	-1	786	-1	784	-1	-1
786	59	68	-1	787	-1	785	-1	-1
787	60	68	-1	788	824	786	-1	-1
788	61	68	-1	789	-1	787	-1	-1
789	62	68	-1	790	-1	788	-1	-1
790	63	68	-1	791	-1	789	-1	-1
791	64	68	-1	792	-1	790	-1	-1
792	65	68	-1	793	-1	791	-1	-1
793	66	68	-1	794	-1	792	-1	-1
794	67	68	-1	795	-1	793	-1	-1
795	68	68	-1	796	-1	794	-1	-1
796	69	68	-1	797	-1	795	-1	-1
797	70	68	-1	798	-1	796	-1	-1
798	71	68	-1	799	-1	797	-1	-1
799	72	68	739	800	-1	798	-1	-1
800	73	68	-1	801	-1	799	-1	-1
801	74	68	-1	802	-1	800	-1	-1
802	75	68	-1	803	-1	801	-1	-1
803	76	68	-1	804	-1	802	-1	-1
804	77	68	-1	805	-1	803	-1	-1
805	78	68	-1	806	-1	804	-1	-1
806	79	68	-1	807	-1	805	-1	-1
807	80	68	-1	808	-1	806	-1	-1
808	81	68	-1	809	-1	807	-1	-1
809	82	68	-1	810	-1	808	-1	-1
810	83	68	-1	811	-1	809	-1	-1
811	84	68	-1	812	825	810	-1	-1
812	85	68	-1	813	-1	811	-1	-1
813	86	68	-1	814	-1	812	-1	-1
814	87	68	-1	815	-1	813	-1	-1
815	88	68	-1	816	-1	814	-1	-1
816	89	68	-1	817	-1	815	-1	-1
817	90	68	-1	818	-1	816	-1	-1
818	91	68	-1	819	-1	817	-1	-1
819	92	68	740	-1	-1	818	-1	-1
820	104	68	741	-1	826	-1	117	-1
821	4	69	742	-1	827	-1	-1	-1
822	24	69	751	-1	828	-1	-1	-1
823	48	69	775	-1	829	-1	-1	-1
824	60	69	787	-1	830	-1	-1	-1
825	84	69	811	-1	831	-1	-1	-1
826	104	69	820	-1	832	-1	-1	-1
827	4	70	821	-1	833	-1	-1	-1
828	24	70	822	-1	834	-1	-1	-1
829	48	70	823	-1	835	-1	-1	-1
830	60	70	824	-1	836	-1	-1	-1
831	84	70	825	-1	837	-1	-1	-1
832	104	70	826	-1	838	-1	-1	-1
833	4	71	827	-1	839	-1	-1	-1
834	24	71	828	-1	840	-1	-1	-1
835	48	71	829	-1	841	-1	-1	-1
836	60	71	830	-1	842	-1	-1	-1
837	84	71	831	-1	843	-1	-1	-1
838	104	71	832	-1	844	-1	-1	-1
839	4	72	833	-1	845	-1	118	-1
840	24	72	834	-1	846	-1	-1	-1
841	48	72	835	-1	847	-1	-1	-1
842	60	72	836	-1	848	-1	-1	-1
843	84	72	837	-1	849	-1	-1	-1
844	104	72	838	-1	850	-1	119	-1
845	4	73	839	-1	851	-1	-1	-1
846	24	73	840	-1	852	-1	-1	-1
847	48	73	841	-1	853	-1	-1	-1
848	60	73	842	-1	854	-1	-1	-1
849	84	73	843	-1	855	-1	-1	-1
850	104	73	844	-1	856	-1	-1	-1
851	4	74	845	-1	857	-1	-1	-1
852	24	74	846	-1	858	-1	-1	-1
853	48	74	847	-1	859	-1	-1	-1
854	60	74	848	-1	860	-1	-1	-1
855	84	74	849	-1	861	-1	-1	-1
856	104	74	850	-1	862	-1	-1	-1
857	4	75	851	-1	863	-1	-1	-1
858	24	75	852	-1	864	-1	-1	-1
859	48	75	853	-1	865	-1	-1	-1
860	60	75	854	-1	866	-1	-1	-1
861	84	75	855	-1	867	-1	-1	-1
862	104	75	856	-1	868	-1	-1	-1
863	4	76	857	-1	869	-1	120	-1
864	24	76	858	-1	870	-1	-1	-1
865	48	76	859	-1	871	-1	-1	-1
866	60	76	860	-1	872	-1	-1	-1
867	84	76	861	-1	873	-1	-1	-1
868	104	76	862	-1	874	-1	121	-1
869	4	77	863	-1	875	-1	-1	-1
870	24	77	864	-1	876	-1	-1	-1
871	48	77	865	-1	877	-1	-1	-1
872	60	77	866	-1	878	-1	-1	-1
873	84	77	867	-1	879	-1	-1	-1
874	104	77	868	-1	880	-1	-1	-1
875	4	78	869	-1	881	-1	-1	-1
876	24	78	870	-1	882	-1	-1	-1
877	48	78	871	-1	883	-1	-1	-1
878	60	78	872	-1	884	-1	-1	-1
879	84	78	873	-1	885	-1	-1	-1
880	104	78	874	-1	886	-1	-1	-1
881	4	79	875	-1	887	-1	-1	-1
882	24	79	876	-1	907	-1	-1	-1
883	48	79	877	-1	920	-1	-1	-1
884	60	79	878	-1	921	-1	-1	-1
885	84	79	879	-1	934	-1	-1	-1
886	104	79	880	-1	954	-1	-1	-1
887	4	80	881	888	-1	-1	122	-1
888	5	80	-1	889	-1	887	-1	-1
889	6	80	-1	890	-1	888	-1	-1
890	7	80	-1	891	-1	889	-1	-1
891	8	80	-1	892	-1	890	123	-1
892	9	80	-1	893	-1	891	-1	-1
893	10	80	-1	894	-1	892	-1	-1
894	11	80	-1	895	-1	893	-1	-1
895	12	80	-1	896	955	894	124	-1
896	13	80	-1	897	-1	895	-1	-1
897	14	80	-1	898	-1	896	-1	-1
898	15	80	-1	899	-1	897	-1	-1
899	16	80	-1	900	-1	898	125	-1
900	17	80	-1	901	-1	899	-1	-1
901	18	80	-1	902	-1	900	-1	-1
902	19	80	-1	903	-1	901	-1	-1
903	20	80	-1	904	-1	902	126	-1
904	21	80	-1	905	-1	903	-1	-1
905	22	80	-1	906	-1	904	-1	-1
906	23	80	-1	907	-1	905	-1	-1
907	24	80	882	-1	956	906	127	-1
908	36	80	-1	909	957	-1	128	-1
909	37	80	-1	910	-1	908	-1	-1
910	38	80	-1	911	-1	909	-1	-1
911	39	80	-1	912	-1	910	-1	-1
912	40	80	-1	913	-1	911	129	-1
913	41	80	-1	914	-1	912	-1	-1
914	42	80	-1	915	-1	913	-1	-1
915	43	80	-1	916	-1	914	-1	-1
916	44	80	-1	917	-1	915	130	-1
917	45	80	-1	918	-1	916	-1	-1
918	46	80	-1	919	-1	917	-1	-1
919	47	80	-1	920	-1	918	-1	-1
920	48	80	883	-1	-1	919	131	-1
921	60	80	884	922	-1	-1	132	-1
922	61	80	-1	923	-1	921	-1	-1
923	62	80	-1	924	-1	922	-1	-1
924	63	80	-1	925	-1	923	-1	-1
925	64	80	-1	926	-1	924	133	-1
926	65	80	-1	927	-1	925	-1	-1
927	66	80	-1	928	-1	926	-1	-1
928	67	80	-1	929	-1	927	-1	-1
929	68	80	-1	930	-1	928	134	-1
930	69	80	-1	931	-1	929	-1	-1
931	70	80	-1	932	-1	930	-1	-1
932	71	80	-1	933	-1	931	-1	-1
933	72	80	-1	-1	958	932	135	-1
934	84	80	885	935	959	-1	136	-1
935	85	80	-1	936	-1	934	-1	-1
936	86	80	-1	937	-1	935	-1	-1
937	87	80	-1	938	-1	936	-1	-1
938	88	80	-1	939	-1	937	137	-1
939	89	80	-1	940	-1	938	-1	-1
940	90	80	-1	941	-1	939	-1	-1
941	91	80	-1	942	-1	940	-1	-1
942	92	80	-1	943	-1	941	138	-1
943	93	80	-1	944	-1	942	-1	-1
944	94	80	-1	945	-1	943	-1	-1
945	95	80	-1	946	-1	944	-1	-1
946	96	80	-1	947	960	945	139	-1
947	97	80	-1	948	-1	946	-1	-1
948	98	80	-1	949	-1	947	-1	-1
949	99	80	-1	950	-1	948	-1	-1
950	100	80	-1	951	-1	949	140	-1
951	101	80	-1	952	-1	950	-1	-1
952	102	80	-1	953	-1	951	-1	-1
953	103	80	-1	954	-1	952	-1	-1
954	104	80	886	-1	-1	953	141	-1
955	12	81	895	-1	961	-1	-1	-1
956	24	81	907	-1	962	-1	-1	-1
957	36	81	908	-1	963	-1	-1	-1
958	72	81	933	-1	964	-1	-1	-1
959	84	81	934	-1	965	-1	-1	-1
960	96	81	946	-1	966	-1	-1	-1
961	12	82	955	-1	967	-1	-1	-1
962	24	82	956	-1	968	-1	-1	-1
963	36	82	957	-1	969	-1	-1	-1
964	72	82	958	-1	970	-1	-1	-1
965	84	82	959	-1	971	-1	-1	-1
966	96	82	960	-1	972	-1	-1	-1
967	12	83	961	-1	973	-1	-1	-1
968	24	83	962	-1	974	-1	-1	-1
969	36	83	963	-1	975	-1	-1	-1
970	72	83	964	-1	976	-1	-1	-1
971	84	83	965	-1	977	-1	-1	-1
972	96	83	966	-1	978	-1	-1	-1
973	12	84	967	-1	979	-1	142	-1
974	24	84	968	-1	980	-1	143	-1
975	36	84	969	-1	981	-1	144	-1
976	72	84	970	-1	982	-1	145	-1
977	84	84	971	-1	983	-1	146	-1
978	96	84	972	-1	984	-1	147	-1
979	12	85	973	-1	985	-1	-1	-1
980	24	85	974	-1	986	-1	-1	-1
981	36	85	975	-1	987	-1	-1	-1
982	72	85	976	-1	988	-1	-1	-1
983	84	85	977	-1	989	-1	-1	-1
984	96	85	978	-1	990	-1	-1	-1
985	12	86	979	-1	991	-1	-1	-1
986	24	86	980	-1	992	-1	-1	-1
987	36	86	981	-1	993	-1	-1	-1
988	72	86	982	-1	994	-1	-1	-1
989	84	86	983	-1	995	-1	-1	-1
990	96	86	984	-1	996	-1	-1	-1
991	12	87	985	-1	997	-1	-1	-1
992	24	87	986	-1	998	-1	-1	-1
993	36	87	987	-1	999	-1	-1	-1
994	72	87	988	-1	1000	-1	-1	-1
995	84	87	989	-1	1001	-1	-1	-1
996	96	87	990	-1	1002	-1	-1	-1
997	12	88	991	-1	1003	-1	148	-1
998	24	88	992	-1	1004	-1	149	-1
999	36	88	993	-1	1005	-1	150	-1
1000	72	88	994	-1	1006	-1	151	-1
1001	84	88	995	-1	1007	-1	152	-1
1002	96	88	996	-1	1008	-1	153	-1
1003	12	89	997	-1	1009	-1	-1	-1
1004	24	89	998	-1	1010	-1	-1	-1
1005	36	89	999	-1	1011	-1	-1	-1
1006	72	89	1000	-1	1012	-1	-1	-1
1007	84	89	1001	-1	1013	-1	-1	-1
1008	96	89	1002	-1	1014	-1	-1	-1
1009	12	90	1003	-1	1015	-1	-1	-1
1010	24	90	1004	-1	1016	-1	-1	-1
1011	36	90	1005	-1	1017	-1	-1	-1
1012	72	90	1006	-1	1018	-1	-1	-1
1013	84	90	1007	-1	1019	-1	-1	-1
1014	96	90	1008	-1	1020	-1	-1	-1
1015	12	91	1009	-1	1029	-1	-1	-1
1016	24	91	1010	-1	1030	-1	-1	-1
1017	36	91	1011	-1	1042	-1	-1	-1
1018	72	91	1012	-1	1078	-1	-1	-1
1019	84	91	1013	-1	1090	-1	-1	-1
1020	96	91	1014	-1	1091	-1	-1	-1
1021	4	92	-1	1022	1100	-1	-1	2
1022	5	92	-1	1023	-1	1021	-1	-1
1023	6	92	-1	1024	-1	1022	-1	-1
1024	7	92	-1	1025	-1	1023	-1	-1
1025	8	92	-1	1026	-1	1024	154	-1
1026	9	92	-1	1027	-1	1025	-1	-1
1027	10	92	-1	1028	-1	1026	-1	-1
1028	11	92	-1	1029	-1	1027	-1	-1
1029	12	92	1015	-1	-1	1028	155	-1
1030	24	92	1016	1031	1101	-1	156	-1
1031	25	92	-1	1032	-1	1030	-1	-1
1032	26	92	-1	1033	-1	1031	-1	-1
1033	27	92	-1	1034	-1	1032	-1	-1
1034	28	92	-1	1035	-1	1033	157	-1
1035	29	92	-1	1036	-1	1034	-1	-1
1036	30	92	-1	1037	-1	1035	-1	-1
1037	31	92	-1	1038	-1	1036	-1	-1
1038	32	92	-1	1039	-1	1037	158	-1
1039	33	92	-1	1040	-1	1038	-1	-1
1040	34	92	-1	1041	-1	1039	-1	-1
1041	35	92	-1	1042	-1	1040	-1	-1
1042	36	92	1017	1043	-1	1041	159	-1
1043	37	92	-1	1044	-1	1042	-1	-1
1044	38	92	-1	1045	-1	1043	-1	-1
1045	39	92	-1	1046	-1	1044	-1	-1
1046	40	92	-1	1047	-1	1045	160	-1
1047	41	92	-1	1048	-1	1046	-1	-1
1048	42	92	-1	1049	-1	1047	-1	-1
1049	43	92	-1	1050	-1	1048	-1	-1
1050	44	92	-1	1051	-1	1049	161	-1
1051	45	92	-1	1052	-1	1050	-1	-1
1052	46	92	-1	1053	-1	1051	-1	-1
1053	47	92	-1	1054	-1	1052	-1	-1
1054	48	92	-1	1055	1102	1053	162	-1
1055	49	92	-1	1056	-1	1054	-1	-1
1056	50	92	-1	1057	-1	1055	-1	-1
1057	51	92	-1	1058	-1	1056	-1	-1
1058	52	92	-1	1059	-1	1057	-1	-1
1059	53	92	-1	1060	-1	1058	-1	-1
1060	54	92	-1	1061	-1	1059	-1	-1
1061	55	92	-1	1062	-1	1060	-1	-1
1062	56	92	-1	1063	-1	1061	-1	-1
1063	57	92	-1	1064	-1	1062	-1	-1
1064	58	92	-1	1065	-1	1063	-1	-1
1065	59	92	-1	1066	-1	1064	-1	-1
1066	60	92	-1	1067	1103	1065	163	-1
1067	61	92	-1	1068	-1	1066	-1	-1
1068	62	92	-1	1069	-1	1067	-1	-1
1069	63	92	-1	1070	-1	1068	-1	-1
1070	64	92	-1	1071	-1	1069	164	-1
1071	65	92	-1	1072	-1	1070	-1	-1
1072	66	92	-1	1073	-1	1071	-1	-1
1073	67	92	-1	1074	-1	1072	-1	-1
1074	68	92	-1	1075	-1	1073	165	-1
1075	69	92	-1	1076	-1	1074	-1	-1
1076	70	92	-1	1077	-1	1075	-1	-1
1077	71	92	-1	1078	-1	1076	-1	-1
1078	72	92	1018	1079	-1	1077	166	-1
1079	73	92	-1	1080	-1	1078	-1	-1
1080	74	92	-1	1081	-1	1079	-1	-1
1081	75	92	-1	1082	-1	1080	-1	-1
1082	76	92	-1	1083	-1	1081	167	-1
1083	77	92	-1	1084	-1	1082	-1	-1
1084	78	92	-1	1085	-1	1083	-1	-1
1085	79	92	-1	1086	-1	1084	-1	-1
1086	80	92	-1	1087	-1	1085	168	-1
1087	81	92	-1	1088	-1	1086	-1	-1
1088	82	92	-1	1089	-1	1087	-1	-1
1089	83	92	-1	1090	-1	1088	-1	-1
1090	84	92	1019	-1	1104	1089	169	-1
1091	96	92	1020	1092	-1	-1	170	-1
1092	97	92	-1	1093	-1	1091	-1	-1
1093	98	92	-1	1094	-1	1092	-1	-1
1094	99	92	-1	1095	-1	1093	-1	-1
1095	100	92	-1	1096	-1	1094	171	-1
1096	101	92	-1	1097	-1	1095	-1	-1
1097	102	92	-1	1098	-1	1096	-1	-1
1098	103	92	-1	1099	-1	1097	-1	-1
1099	104	92	-1	-1	1105	1098	-1	3
1100	4	93	1021	-1	1106	-1	-1	-1
1101	24	93	1030	-1	1107	-1	-1	-1
1102	48	93	1054	-1	1108	-1	-1	-1
1103	60	93	1066	-1	1109	-1	-1	-1
1104	84	93	1090	-1	1110	-1	-1	-1
1105	104	93	1099	-1	1111	-1	-1	-1
1106	4	94	1100	-1	1112	-1	-1	-1
1107	24	94	1101	-1	1113	-1	-1	-1
1108	48	94	1102	-1	1114	-1	-1	-1
1109	60	94	1103	-1	1115	-1	-1	-1
1110	84	94	1104	-1	1116	-1	-1	-1
1111	104	94	1105	-1	1117	-1	-1	-1
1112	4	95	1106	-1	1118	-1	-1	-1
1113	24	95	1107	-1	1119	-1	-1	-1
1114	48	95	1108	-1	1120	-1	-1	-1
1115	60	95	1109	-1	1121	-1	-1	-1
1116	84	95	1110	-1	1122	-1	-1	-1
1117	104	95	1111	-1	1123	-1	-1	-1
1118	4	96	1112	-1	1124	-1	172	-1
1119	24	96	1113	-1	1125	-1	173	-1
1120	48	96	1114	-1	1126	-1	174	-1
1121	60	96	1115	-1	1127	-1	175	-1
1122	84	96	1116	-1	1128	-1	176	-1
1123	104	96	1117	-1	1129	-1	177	-1
1124	4	97	1118	-1	1130	-1	-1	-1
1125	24	97	1119	-1	1131	-1	-1	-1
1126	48	97	1120	-1	1132	-1	-1	-1
1127	60	97	1121	-1	1133	-1	-1	-1
1128	84	97	1122	-1	1134	-1	-1	-1
1129	104	97	1123	-1	1135	-1	-1	-1
1130	4	98	1124	-1	1136	-1	-1	-1
1131	24	98	1125	-1	1137	-1	-1	-1
1132	48	98	1126	-1	1138	-1	-1	-1
1133	60	98	1127	-1	1139	-1	-1	-1
1134	84	98	1128	-1	1140	-1	-1	-1
1135	104	98	1129	-1	1141	-1	-1	-1
1136	4	99	1130	-1	1142	-1	-1	-1
1137	24	99	1131	-1	1143	-1	-1	-1
1138	48	99	1132	-1	1144	-1	-1	-1
1139	60	99	1133	-1	1145	-1	-1	-1
1140	84	99	1134	-1	1146	-1	-1	-1
1141	104	99	1135	-1	1147	-1	-1	-1
1142	4	100	1136	-1	1148	-1	178	-1
1143	24	100	1137	-1	1149	-1	179	-1
1144	48	100	1138	-1	1150	-1	180	-1
1145	60	100	1139	-1	1151	-1	181	-1
1146	84	100	1140	-1	1152	-1	182	-1
1147	104	100	1141	-1	1153	-1	183	-1
1148	4	101	1142	-1	1154	-1	-1	-1
1149	24	101	1143	-1	1155	-1	-1	-1
1150	48	101	1144	-1	1156	-1	-1	-1
1151	60	101	1145	-1	1157	-1	-1	-1
1152	84	101	1146	-1	1158	-1	-1	-1
1153	104	101	1147	-1	1159	-1	-1	-1
1154	4	102	1148	-1	1160	-1	-1	-1
1155	24	102	1149	-1	1161	-1	-1	-1
1156	48	102	1150	-1	1162	-1	-1	-1
1157	60	102	1151	-1	1163	-1	-1	-1
1158	84	102	1152	-1	1164	-1	-1	-1
1159	104	102	1153	-1	1165	-1	-1	-1
1160	4	103	1154	-1	1166	-1	-1	-1
1161	24	103	1155	-1	1186	-1	-1	-1
1162	48	103	1156	-1	1199	-1	-1	-1
1163	60	103	1157	-1	1200	-1	-1	-1
1164	84	103	1158	-1	1213	-1	-1	-1
1165	104	103	1159	-1	1233	-1	-1	-1
1166	4	104	1160	1167	1234	-1	184	-1
1167	5	104	-1	1168	-1	1166	-1	-1
1168	6	104	-1	1169	-1	1167	-1	-1
1169	7	104	-1	1170	-1	1168	-1	-1
1170	8	104	-1	1171	-1	1169	185	-1
1171	9	104	-1	1172	-1	1170	-1	-1
1172	10	104	-1	1173	-1	1171	-1	-1
1173	11	104	-1	1174	-1	1172	-1	-1
1174	12	104	-1	1175	-1	1173	186	-1
1175	13	104	-1	1176	-1	1174	-1	-1
1176	14	104	-1	1177	-1	1175	-1	-1
1177	15	104	-1	1178	-1	1176	-1	-1
1178	16	104	-1	1179	-1	1177	187	-1
1179	17	104	-1	1180	-1	1178	-1	-1
1180	18	104	-1	1181	-1	1179	-1	-1
1181	19	104	-1	1182	-1	1180	-1	-1
1182	20	104	-1	1183	-1	1181	188	-1
1183	21	104	-1	1184	-1	1182	-1	-1
1184	22	104	-1	1185	-1	1183	-1	-1
1185	23	104	-1	1186	-1	1184	-1	-1
1186	24	104	1161	-1	1235	1185	189	-1
1187	36	104	-1	1188	1236	-1	190	-1
1188	37	104	-1	1189	-1	1187	-1	-1
1189	38	104	-1	1190	-1	1188	-1	-1
1190	39	104	-1	1191	-1	1189	-1	-1
1191	40	104	-1	1192	-1	1190	191	-1
1192	41	104	-1	1193	-1	1191	-1	-1
1193	42	104	-1	1194	-1	1192	-1	-1
1194	43	104	-1	1195	-1	1193	-1	-1
1195	44	104	-1	1196	-1	1194	192	-1
1196	45	104	-1	1197	-1	1195	-1	-1
1197	46	104	-1	1198	-1	1196	-1	-1
1198	47	104	-1	1199	-1	1197	-1	-1
1199	48	104	1162	-1	-1	1198	193	-1
1200	60	104	1163	1201	-1	-1	194	-1
1201	61	104	-1	1202	-1	1200	-1	-1
1202	62	104	-1	1203	-1	1201	-1	-1
1203	63	104	-1	1204	-1	1202	-1	-1
1204	64	104	-1	1205	-1	1203	195	-1
1205	65	104	-1	1206	-1	1204	-1	-1
1206	66	104	-1	1207	-1	1205	-1	-1
1207	67	104	-1	1208	-1	1206	-1	-1
1208	68	104	-1	1209	-1	1207	196	-1
1209	69	104	-1	1210	-1	1208	-1	-1
1210	70	104	-1	1211	-1	1209	-1	-1
1211	71	104	-1	1212	-1	1210	-1	-1
1212	72	104	-1	-1	1237	1211	197	-1
1213	84	104	1164	1214	1238	-1	198	-1
1214	85	104	-1	1215	-1	1213	-1	-1
1215	86	104	-1	1216	-1	1214	-1	-1
1216	87	104	-1	1217	-1	1215	-1	-1
1217	88	104	-1	1218	-1	1216	199	-1
1218	89	104	-1	1219	-1	1217	-1	-1
1219	90	104	-1	1220	-1	1218	-1	-1
1220	91	104	-1	1221	-1	1219	-1	-1
1221	92	104	-1	1222	-1	1220	200	-1
1222	93	104	-1	1223	-1	1221	-1	-1
1223	94	104	-1	1224	-1	1222	-1	-1
1224	95	104	-1	1225	-1	1223	-1	-1
1225	96	104	-1	1226	-1	1224	201	-1
1226	97	104	-1	1227	-1	1225	-1	-1
1227	98	104	-1	1228	-1	1226	-1	-1
1228	99	104	-1	1229	-1	1227	-1	-1
1229	100	104	-1	1230	-1	1228	202	-1
1230	101	104	-1	1231	-1	1229	-1	-1
1231	102	104	-1	1232	-1	1230	-1	-1
1232	103	104	-1	1233	-1	1231	-1	-1
1233	104	104	1165	-1	1239	1232	203	-1
1234	4	105	1166	-1	1240	-1	-1	-1
1235	24	105	1186	-1	1241	-1	-1	-1
1236	36	105	1187	-1	1242	-1	-1	-1
1237	72	105	1212	-1	1243	-1	-1	-1
1238	84	105	1213	-1	1244	-1	-1	-1
1239	104	105	1233	-1	1245	-1	-1	-1
1240	4	106	1234	-1	1246	-1	-1	-1
1241	24	106	1235	-1	1247	-1	-1	-1
1242	36	106	1236	-1	1248	-1	-1	-1
1243	72	106	1237	-1	1249	-1	-1	-1
1244	84	106	1238	-1	1250	-1	-1	-1
1245	104	106	1239	-1	1251	-1	-1	-1
1246	4	107	1240	-1	1252	-1	-1	-1
1247	24	107	1241	-1	1253	-1	-1	-1
1248	36	107	1242	-1	1254	-1	-1	-1
1249	72	107	1243	-1	1255	-1	-1	-1
1250	84	107	1244	-1	1256	-1	-1	-1
1251	104	107	1245	-1	1257	-1	-1	-1
1252	4	108	1246	-1	1258	-1	204	-1
1253	24	108	1247	-1	1259	-1	205	-1
1254	36	108	1248	-1	1260	-1	206	-1
1255	72	108	1249	-1	1261	-1	207	-1
1256	84	108	1250	-1	1262	-1	208	-1
1257	104	108	1251	-1	1263	-1	209	-1
1258	4	109	1252	-1	1264	-1	-1	-1
1259	24	109	1253	-1	1265	-1	-1	-1
1260	36	109	1254	-1	1266	-1	-1	-1
1261	72	109	1255	-1	1267	-1	-1	-1
1262	84	109	1256	-1	1268	-1	-1	-1
1263	104	109	1257	-1	1269	-1	-1	-1
1264	4	110	1258	-1	1270	-1	-1	-1
1265	24	110	1259	-1	1271	-1	-1	-1
1266	36	110	1260	-1	1272	-1	-1	-1
1267	72	110	1261	-1	1273	-1	-1	-1
1268	84	110	1262	-1	1274	-1	-1	-1
1269	104	110	1263	-1	1275	-1	-1	-1
1270	4	111	1264	-1	1276	-1	-1	-1
1271	24	111	1265	-1	1277	-1	-1	-1
1272	36	111	1266	-1	1278	-1	-1	-1
1273	72	111	1267	-1	1279	-1	-1	-1
1274	84	111	1268	-1	1280	-1	-1	-1
1275	104	111	1269	-1	1281	-1	-1	-1
1276	4	112	1270	-1	1282	-1	210	-1
1277	24	112	1271	-1	1283	-1	211	-1
1278	36	112	1272	-1	1284	-1	212	-1
1279	72	112	1273	-1	1285	-1	213	-1
1280	84	112	1274	-1	1286	-1	214	-1
1281	104	112	1275	-1	1287	-1	215	-1
1282	4	113	1276	-1	1288	-1	-1	-1
1283	24	113	1277	-1	1289	-1	-1	-1
1284	36	113	1278	-1	1290	-1	-1	-1
1285	72	113	1279	-1	1291	-1	-1	-1
1286	84	113	1280	-1	1292	-1	-1	-1
1287	104	113	1281	-1	1293	-1	-1	-1
1288	4	114	1282	-1	1294	-1	-1	-1
1289	24	114	1283	-1	1295	-1	-1	-1
1290	36	114	1284	-1	1296	-1	-1	-1
1291	72	114	1285	-1	1297	-1	-1	-1
1292	84	114	1286	-1	1298	-1	-1	-1
1293	104	114	1287	-1	1299	-1	-1	-1
1294	4	115	1288	-1	1300	-1	-1	-1
1295	24	115	1289	-1	1320	-1	-1	-1
1296	36	115	1290	-1	1321	-1	-1	-1
1297	72	115	1291	-1	1357	-1	-1	-1
1298	84	115	1292	-1	1358	-1	-1	-1
1299	104	115	1293	-1	1378	-1	-1	-1
1300	4	116	1294	1301	-1	-1	216	-1
1301	5	116	-1	1302	-1	1300	-1	-1
1302	6	116	-1	1303	-1	1301	-1	-1
1303	7	116	-1	1304	-1	1302	-1	-1
1304	8	116	-1	1305	-1	1303	217	-1
1305	9	116	-1	1306	-1	1304	-1	-1
1306	10	116	-1	1307	-1	1305	-1	-1
1307	11	116	-1	1308	-1	1306	-1	-1
1308	12	116	-1	1309	-1	1307	218	-1
1309	13	116	-1	1310	-1	1308	-1	-1
1310	14	116	-1	1311	-1	1309	-1	-1
1311	15	116	-1	1312	-1	1310	-1	-1
1312	16	116	-1	1313	-1	1311	219	-1
1313	17	116	-1	1314	-1	1312	-1	-1
1314	18	116	-1	1315	-1	1313	-1	-1
1315	19	116	-1	1316	-1	1314	-1	-1
1316	20	116	-1	1317	-1	1315	220	-1
1317	21	116	-1	1318	-1	1316	-1	-1
1318	22	116	-1	1319	-1	1317	-1	-1
1319	23	116	-1	1320	-1	1318	-1	-1
1320	24	116	1295	-1	-1	1319	221	-1
1321	36	116	1296	1322	-1	-1	222	-1
1322	37	116	-1	1323	-1	1321	-1	-1
1323	38	116	-1	1324	-1	1322	-1	-1
1324	39	116	-1	1325	-1	1323	-1	-1
1325	40	116	-1	1326	-1	1324	223	-1
1326	41	116	-1	1327	-1	1325	-1	-1
1327	42	116	-1	1328	-1	1326	-1	-1
1328	43	116	-1	1329	-1	1327	-1	-1
1329	44	116	-1	1330	-1	1328	224	-1
1330	45	116	-1	1331	-1	1329	-1	-1
1331	46	116	-1	1332	-1	1330	-1	-1
1332	47	116	-1	1333	-1	1331	-1	-1
1333	48	116	-1	1334	-1	1332	225	-1
1334	49	116	-1	1335	-1	1333	-1	-1
1335	50	116	-1	1336	-1	1334	-1	-1
1336	51	116	-1	1337	-1	1335	-1	-1
1337	52	116	-1	1338	-1	1336	226	-1
1338	53	116	-1	1339	-1	1337	-1	-1
1339	54	116	-1	1340	-1	1338	-1	-1
1340	55	116	-1	1341	-1	1339	-1	-1
1341	56	116	-1	1342	-1	1340	227	-1
1342	57	116	-1	1343	-1	1341	-1	-1
1343	58	116	-1	1344	-1	1342	-1	-1
1344	59	116	-1	1345	-1	1343	-1	-1
1345	60	116	-1	1346	-1	1344	228	-1
1346	61	116	-1	1347	-1	1345	-1	-1
1347	62	116	-1	1348	-1	1346	-1	-1
1348	63	116	-1	1349	-1	1347	-1	-1
1349	64	116	-1	1350	-1	1348	229	-1
1350	65	116	-1	1351	-1	1349	-1	-1
1351	66	116	-1	1352	-1	1350	-1	-1
1352	67	116	-1	1353	-1	1351	-1	-1
1353	68	116	-1	1354	-1	1352	230	-1
1354	69	116	-1	1355	-1	1353	-1	-1
1355	70	116	-1	1356	-1	1354	-1	-1
1356	71	116	-1	1357	-1	1355	-1	-1
1357	72	116	1297	-1	-1	1356	231	-1
1358	84	116	1298	1359	-1	-1	232	-1
1359	85	116	-1	1360	-1	1358	-1	-1
1360	86	116	-1	1361	-1	1359	-1	-1
1361	87	116	-1	1362	-1	1360	-1	-1
1362	88	116	-1	1363	-1	1361	233	-1
1363	89	116	-1	1364	-1	1362	-1	-1
1364	90	116	-1	1365	-1	1363	-1	-1
1365	91	116	-1	1366	-1	1364	-1	-1
1366	92	116	-1	1367	-1	1365	234	-1
1367	93	116	-1	1368	-1	1366	-1	-1
1368	94	116	-1	1369	-1	1367	-1	-1
1369	95	116	-1	1370	-1	1368	-1	-1
1370	96	116	-1	1371	-1	1369	235	-1
1371	97	116	-1	1372	-1	1370	-1	-1
1372	98	116	-1	1373	-1	1371	-1	-1
1373	99	116	-1	1374	-1	1372	-1	-1
1374	100	116	-1	1375	-1	1373	236	-1
1375	101	116	-1	1376	-1	1374	-1	-1
1376	102	116	-1	1377	-1	1375	-1	-1
1377	103	116	-1	1378	-1	1376	-1	-1
1378	104	116	1299	-1	-1	1377	237	-1
1379	50	56	-1	-1	-1	-1	-1	-1
