d	989	1308	487	1309	234	4	40
0	4	4	-1	1	101	-1	0	-1
1	5	4	-1	2	-1	0	-1	-1
2	6	4	-1	3	-1	1	-1	-1
3	7	4	-1	4	-1	2	-1	-1
4	8	4	-1	5	-1	3	1	-1
5	9	4	-1	6	-1	4	-1	-1
6	10	4	-1	7	-1	5	-1	-1
7	11	4	-1	8	-1	6	-1	-1
8	12	4	-1	9	-1	7	2	-1
9	13	4	-1	10	-1	8	-1	-1
10	14	4	-1	11	-1	9	-1	-1
11	15	4	-1	12	-1	10	-1	-1
12	16	4	-1	13	102	11	3	-1
13	17	4	-1	14	-1	12	-1	-1
14	18	4	-1	15	-1	13	-1	-1
15	19	4	-1	16	-1	14	-1	-1
16	20	4	-1	17	-1	15	4	-1
17	21	4	-1	18	-1	16	-1	-1
18	22	4	-1	19	-1	17	-1	-1
19	23	4	-1	20	-1	18	-1	-1
20	24	4	-1	21	-1	19	5	-1
21	25	4	-1	22	-1	20	-1	-1
22	26	4	-1	23	-1	21	-1	-1
23	27	4	-1	24	-1	22	-1	-1
24	28	4	-1	25	-1	23	6	-1
25	29	4	-1	26	-1	24	-1	-1
26	30	4	-1	27	-1	25	-1	-1
27	31	4	-1	28	-1	26	-1	-1
28	32	4	-1	29	-1	27	7	-1
29	33	4	-1	30	-1	28	-1	-1
30	34	4	-1	31	-1	29	-1	-1
31	35	4	-1	32	-1	30	-1	-1
32	36	4	-1	33	103	31	8	-1
33	37	4	-1	34	-1	32	-1	-1
34	38	4	-1	35	-1	33	-1	-1
35	39	4	-1	36	-1	34	-1	-1
36	40	4	-1	37	-1	35	9	-1
37	41	4	-1	38	-1	36	-1	-1
38	42	4	-1	39	-1	37	-1	-1
39	43	4	-1	40	-1	38	-1	-1
40	44	4	-1	41	-1	39	10	-1
41	45	4	-1	42	-1	40	-1	-1
42	46	4	-1	43	-1	41	-1	-1
43	47	4	-1	44	-1	42	-1	-1
44	48	4	-1	45	-1	43	11	-1
45	49	4	-1	46	-1	44	-1	-1
46	50	4	-1	47	-1	45	-1	-1
47	51	4	-1	48	-1	46	-1	-1
48	52	4	-1	49	-1	47	12	-1
49	53	4	-1	50	-1	48	-1	-1
50	54	4	-1	51	-1	49	-1	-1
51	55	4	-1	52	-1	50	-1	-1
52	56	4	-1	53	-1	51	13	-1
53	57	4	-1	54	-1	52	-1	-1
54	58	4	-1	55	-1	53	-1	-1
55	59	4	-1	56	-1	54	-1	-1
56	60	4	-1	57	-1	55	14	-1
57	61	4	-1	58	-1	56	-1	-1
58	62	4	-1	59	-1	57	-1	-1
59	63	4	-1	60	-1	58	-1	-1
60	64	4	-1	61	-1	59	15	-1
61	65	4	-1	62	-1	60	-1	-1
62	66	4	-1	63	-1	61	-1	-1
63	67	4	-1	64	-1	62	-1	-1
64	68	4	-1	65	-1	63	16	-1
65	69	4	-1	66	-1	64	-1	-1
66	70	4	-1	67	-1	65	-1	-1
67	71	4	-1	68	-1	66	-1	-1
68	72	4	-1	69	104	67	17	-1
69	73	4	-1	70	-1	68	-1	-1
70	74	4	-1	71	-1	69	-1	-1
71	75	4	-1	72	-1	70	-1	-1
72	76	4	-1	73	-1	71	18	-1
73	77	4	-1	74	-1	72	-1	-1
74	78	4	-1	75	-1	73	-1	-1
75	79	4	-1	76	-1	74	-1	-1
76	80	4	-1	77	-1	75	19	-1
77	81	4	-1	78	-1	76	-1	-1
78	82	4	-1	79	-1	77	-1	-1
79	83	4	-1	80	-1	78	-1	-1
80	84	4	-1	81	-1	79	20	-1
81	85	4	-1	82	-1	80	-1	-1
82	86	4	-1	83	-1	81	-1	-1
83	87	4	-1	84	-1	82	-1	-1
84	88	4	-1	85	-1	83	21	-1
85	89	4	-1	86	-1	84	-1	-1
86	90	4	-1	87	-1	85	-1	-1
87	91	4	-1	88	-1	86	-1	-1
88	92	4	-1	89	105	87	22	-1
89	93	4	-1	90	-1	88	-1	-1
90	94	4	-1	91	-1	89	-1	-1
91	95	4	-1	92	-1	90	-1	-1
92	96	4	-1	93	-1	91	23	-1
93	97	4	-1	94	-1	92	-1	-1
94	98	4	-1	95	-1	93	-1	-1
95	99	4	-1	96	-1	94	-1	-1
96	100	4	-1	97	-1	95	24	-1
97	101	4	-1	98	-1	96	-1	-1
98	102	4	-1	99	-1	97	-1	-1
99	103	4	-1	100	-1	98	-1	-1
100	104	4	-1	-1	106	99	25	-1
101	4	5	0	-1	107	-1	-1	-1
102	16	5	12	-1	108	-1	-1	-1
103	36	5	32	-1	109	-1	-1	-1
104	72	5	68	-1	110	-1	-1	-1
105	92	5	88	-1	111	-1	-1	-1
106	104	5	100	-1	112	-1	-1	-1
107	4	6	101	-1	113	-1	-1	-1
108	16	6	102	-1	114	-1	-1	-1
109	36	6	103	-1	115	-1	-1	-1
110	72	6	104	-1	116	-1	-1	-1
111	92	6	105	-1	117	-1	-1	-1
112	104	6	106	-1	118	-1	-1	-1
113	4	7	107	-1	119	-1	-1	-1
114	16	7	108	-1	120	-1	-1	-1
115	36	7	109	-1	121	-1	-1	-1
116	72	7	110	-1	122	-1	-1	-1
117	92	7	111	-1	123	-1	-1	-1
118	104	7	112	-1	124	-1	-1	-1
119	4	8	113	-1	125	-1	26	-1
120	16	8	114	-1	126	-1	27	-1
121	36	8	115	-1	127	-1	28	-1
122	72	8	116	-1	128	-1	29	-1
123	92	8	117	-1	129	-1	30	-1
124	104	8	118	-1	130	-1	31	-1
125	4	9	119	-1	131	-1	-1	-1
126	16	9	120	-1	132	-1	-1	-1
127	36	9	121	-1	133	-1	-1	-1
128	72	9	122	-1	134	-1	-1	-1
129	92	9	123	-1	135	-1	-1	-1
130	104	9	124	-1	136	-1	-1	-1
131	4	10	125	-1	137	-1	-1	-1
132	16	10	126	-1	138	-1	-1	-1
133	36	10	127	-1	139	-1	-1	-1
134	72	10	128	-1	140	-1	-1	-1
135	92	10	129	-1	141	-1	-1	-1
136	104	10	130	-1	142	-1	-1	-1
137	4	11	131	-1	143	-1	-1	-1
138	16	11	132	-1	144	-1	-1	-1
139	36	11	133	-1	145	-1	-1	-1
140	72	11	134	-1	146	-1	-1	-1
141	92	11	135	-1	147	-1	-1	-1
142	104	11	136	-1	148	-1	-1	-1
143	4	12	137	-1	149	-1	-1	0
144	16	12	138	-1	150	-1	32	-1
145	36	12	139	-1	151	-1	33	-1
146	72	12	140	-1	152	-1	34	-1
147	92	12	141	-1	153	-1	35	-1
148	104	12	142	-1	154	-1	-1	1
149	4	13	143	-1	155	-1	-1	-1
150	16	13	144	-1	156	-1	-1	-1
151	36	13	145	-1	157	-1	-1	-1
152	72	13	146	-1	158	-1	-1	-1
153	92	13	147	-1	159	-1	-1	-1
154	104	13	148	-1	160	-1	-1	-1
155	4	14	149	-1	161	-1	-1	-1
156	16	14	150	-1	162	-1	-1	-1
157	36	14	151	-1	163	-1	-1	-1
158	72	14	152	-1	164	-1	-1	-1
159	92	14	153	-1	165	-1	-1	-1
160	104	14	154	-1	166	-1	-1	-1
161	4	15	155	-1	167	-1	-1	-1
162	16	15	156	-1	168	-1	-1	-1
163	36	15	157	-1	169	-1	-1	-1
164	72	15	158	-1	183	-1	-1	-1
165	92	15	159	-1	184	-1	-1	-1
166	104	15	160	-1	185	-1	-1	-1
167	4	16	161	-1	186	-1	36	-1
168	16	16	162	-1	187	-1	37	-1
169	36	16	163	-1	188	-1	38	-1
170	48	16	-1	171	189	-1	39	-1
171	49	16	-1	172	-1	170	-1	-1
172	50	16	-1	173	-1	171	-1	-1
173	51	16	-1	174	-1	172	-1	-1
174	52	16	-1	175	-1	173	40	-1
175	53	16	-1	176	-1	174	-1	-1
176	54	16	-1	177	-1	175	-1	-1
177	55	16	-1	178	-1	176	-1	-1
178	56	16	-1	179	-1	177	41	-1
179	57	16	-1	180	-1	178	-1	-1
180	58	16	-1	181	-1	179	-1	-1
181	59	16	-1	182	-1	180	-1	-1
182	60	16	-1	-1	190	181	42	-1
183	72	16	164	-1	191	-1	43	-1
184	92	16	165	-1	192	-1	44	-1
185	104	16	166	-1	193	-1	45	-1
186	4	17	167	-1	194	-1	-1	-1
187	16	17	168	-1	195	-1	-1	-1
188	36	17	169	-1	196	-1	-1	-1
189	48	17	170	-1	197	-1	-1	-1
190	60	17	182	-1	198	-1	-1	-1
191	72	17	183	-1	199	-1	-1	-1
192	92	17	184	-1	200	-1	-1	-1
193	104	17	185	-1	201	-1	-1	-1
194	4	18	186	-1	202	-1	-1	-1
195	16	18	187	-1	203	-1	-1	-1
196	36	18	188	-1	204	-1	-1	-1
197	48	18	189	-1	205	-1	-1	-1
198	60	18	190	-1	206	-1	-1	-1
199	72	18	191	-1	207	-1	-1	-1
200	92	18	192	-1	208	-1	-1	-1
201	104	18	193	-1	209	-1	-1	-1
202	4	19	194	-1	210	-1	-1	-1
203	16	19	195	-1	211	-1	-1	-1
204	36	19	196	-1	231	-1	-1	-1
205	48	19	197	-1	232	-1	-1	-1
206	60	19	198	-1	233	-1	-1	-1
207	72	19	199	-1	234	-1	-1	-1
208	92	19	200	-1	254	-1	-1	-1
209	104	19	201	-1	255	-1	-1	-1
210	4	20	202	-1	256	-1	46	-1
211	16	20	203	212	-1	-1	47	-1
212	17	20	-1	213	-1	211	-1	-1
213	18	20	-1	214	-1	212	-1	-1
214	19	20	-1	215	-1	213	-1	-1
215	20	20	-1	216	-1	214	48	-1
216	21	20	-1	217	-1	215	-1	-1
217	22	20	-1	218	-1	216	-1	-1
218	23	20	-1	219	-1	217	-1	-1
219	24	20	-1	220	257	218	49	-1
220	25	20	-1	221	-1	219	-1	-1
221	26	20	-1	222	-1	220	-1	-1
222	27	20	-1	223	-1	221	-1	-1
223	28	20	-1	224	-1	222	50	-1
224	29	20	-1	225	-1	223	-1	-1
225	30	20	-1	226	-1	224	-1	-1
226	31	20	-1	227	-1	225	-1	-1
227	32	20	-1	228	-1	226	51	-1
228	33	20	-1	229	-1	227	-1	-1
229	34	20	-1	230	-1	228	-1	-1
230	35	20	-1	231	-1	229	-1	-1
231	36	20	204	-1	258	230	52	-1
232	48	20	205	-1	259	-1	53	-1
233	60	20	206	-1	260	-1	54	-1
234	72	20	207	235	261	-1	55	-1
235	73	20	-1	236	-1	234	-1	-1
236	74	20	-1	237	-1	235	-1	-1
237	75	20	-1	238	-1	236	-1	-1
238	76	20	-1	239	-1	237	56	-1
239	77	20	-1	240	-1	238	-1	-1
240	78	20	-1	241	-1	239	-1	-1
241	79	20	-1	242	-1	240	-1	-1
242	80	20	-1	243	-1	241	57	-1
243	81	20	-1	244	-1	242	-1	-1
244	82	20	-1	245	-1	243	-1	-1
245	83	20	-1	246	-1	244	-1	-1
246	84	20	-1	247	262	245	58	-1
247	85	20	-1	248	-1	246	-1	-1
248	86	20	-1	249	-1	247	-1	-1
249	87	20	-1	250	-1	248	-1	-1
250	88	20	-1	251	-1	249	59	-1
251	89	20	-1	252	-1	250	-1	-1
252	90	20	-1	253	-1	251	-1	-1
253	91	20	-1	254	-1	252	-1	-1
254	92	20	208	-1	-1	253	60	-1
255	104	20	209	-1	263	-1	61	-1
256	4	21	210	-1	264	-1	-1	-1
257	24	21	219	-1	265	-1	-1	-1
258	36	21	231	-1	266	-1	-1	-1
259	48	21	232	-1	267	-1	-1	-1
260	60	21	233	-1	268	-1	-1	-1
261	72	21	234	-1	269	-1	-1	-1
262	84	21	246	-1	270	-1	-1	-1
263	104	21	255	-1	271	-1	-1	-1
264	4	22	256	-1	272	-1	-1	-1
265	24	22	257	-1	273	-1	-1	-1
266	36	22	258	-1	274	-1	-1	-1
267	48	22	259	-1	275	-1	-1	-1
268	60	22	260	-1	276	-1	-1	-1
269	72	22	261	-1	277	-1	-1	-1
270	84	22	262	-1	278	-1	-1	-1
271	104	22	263	-1	279	-1	-1	-1
272	4	23	264	-1	280	-1	-1	-1
273	24	23	265	-1	281	-1	-1	-1
274	36	23	266	-1	282	-1	-1	-1
275	48	23	267	-1	283	-1	-1	-1
276	60	23	268	-1	284	-1	-1	-1
277	72	23	269	-1	285	-1	-1	-1
278	84	23	270	-1	286	-1	-1	-1
279	104	23	271	-1	287	-1	-1	-1
280	4	24	272	-1	288	-1	62	-1
281	24	24	273	-1	289	-1	63	-1
282	36	24	274	-1	290	-1	64	-1
283	48	24	275	-1	291	-1	65	-1
284	60	24	276	-1	292	-1	66	-1
285	72	24	277	-1	293	-1	67	-1
286	84	24	278	-1	294	-1	68	-1
287	104	24	279	-1	295	-1	69	-1
288	4	25	280	-1	296	-1	-1	-1
289	24	25	281	-1	297	-1	-1	-1
290	36	25	282	-1	298	-1	-1	-1
291	48	25	283	-1	299	-1	-1	-1
292	60	25	284	-1	300	-1	-1	-1
293	72	25	285	-1	301	-1	-1	-1
294	84	25	286	-1	302	-1	-1	-1
295	104	25	287	-1	303	-1	-1	-1
296	4	26	288	-1	304	-1	-1	-1
297	24	26	289	-1	305	-1	-1	-1
298	36	26	290	-1	306	-1	-1	-1
299	48	26	291	-1	307	-1	-1	-1
300	60	26	292	-1	308	-1	-1	-1
301	72	26	293	-1	309	-1	-1	-1
302	84	26	294	-1	310	-1	-1	-1
303	104	26	295	-1	311	-1	-1	-1
304	4	27	296	-1	312	-1	-1	-1
305	24	27	297	-1	313	-1	-1	-1
306	36	27	298	-1	314	-1	-1	-1
307	48	27	299	-1	315	-1	-1	-1
308	60	27	300	-1	316	-1	-1	-1
309	72	27	301	-1	317	-1	-1	-1
310	84	27	302	-1	318	-1	-1	-1
311	104	27	303	-1	319	-1	-1	-1
312	4	28	304	-1	320	-1	70	-1
313	24	28	305	-1	321	-1	71	-1
314	36	28	306	-1	322	-1	72	-1
315	48	28	307	-1	323	-1	73	-1
316	60	28	308	-1	324	-1	74	-1
317	72	28	309	-1	325	-1	75	-1
318	84	28	310	-1	326	-1	76	-1
319	104	28	311	-1	327	-1	77	-1
320	4	29	312	-1	328	-1	-1	-1
321	24	29	313	-1	329	-1	-1	-1
322	36	29	314	-1	330	-1	-1	-1
323	48	29	315	-1	331	-1	-1	-1
324	60	29	316	-1	332	-1	-1	-1
325	72	29	317	-1	333	-1	-1	-1
326	84	29	318	-1	334	-1	-1	-1
327	104	29	319	-1	335	-1	-1	-1
328	4	30	320	-1	336	-1	-1	-1
329	24	30	321	-1	337	-1	-1	-1
330	36	30	322	-1	338	-1	-1	-1
331	48	30	323	-1	339	-1	-1	-1
332	60	30	324	-1	340	-1	-1	-1
333	72	30	325	-1	341	-1	-1	-1
334	84	30	326	-1	342	-1	-1	-1
335	104	30	327	-1	343	-1	-1	-1
336	4	31	328	-1	344	-1	-1	-1
337	24	31	329	-1	364	-1	-1	-1
338	36	31	330	-1	365	-1	-1	-1
339	48	31	331	-1	377	-1	-1	-1
340	60	31	332	-1	378	-1	-1	-1
341	72	31	333	-1	390	-1	-1	-1
342	84	31	334	-1	391	-1	-1	-1
343	104	31	335	-1	411	-1	-1	-1
344	4	32	336	345	-1	-1	78	-1
345	5	32	-1	346	-1	344	-1	-1
346	6	32	-1	347	-1	345	-1	-1
347	7	32	-1	348	-1	346	-1	-1
348	8	32	-1	349	-1	347	79	-1
349	9	32	-1	350	-1	348	-1	-1
350	10	32	-1	351	-1	349	-1	-1
351	11	32	-1	352	-1	350	-1	-1
352	12	32	-1	353	412	351	80	-1
353	13	32	-1	354	-1	352	-1	-1
354	14	32	-1	355	-1	353	-1	-1
355	15	32	-1	356	-1	354	-1	-1
356	16	32	-1	357	-1	355	81	-1
357	17	32	-1	358	-1	356	-1	-1
358	18	32	-1	359	-1	357	-1	-1
359	19	32	-1	360	-1	358	-1	-1
360	20	32	-1	361	-1	359	82	-1
361	21	32	-1	362	-1	360	-1	-1
362	22	32	-1	363	-1	361	-1	-1
363	23	32	-1	364	-1	362	-1	-1
364	24	32	337	-1	-1	363	83	-1
365	36	32	338	366	-1	-1	84	-1
366	37	32	-1	367	-1	365	-1	-1
367	38	32	-1	368	-1	366	-1	-1
368	39	32	-1	369	-1	367	-1	-1
369	40	32	-1	370	-1	368	85	-1
370	41	32	-1	371	-1	369	-1	-1
371	42	32	-1	372	-1	370	-1	-1
372	43	32	-1	373	-1	371	-1	-1
373	44	32	-1	374	-1	372	86	-1
374	45	32	-1	375	-1	373	-1	-1
375	46	32	-1	376	-1	374	-1	-1
376	47	32	-1	377	-1	375	-1	-1
377	48	32	339	-1	413	376	87	-1
378	60	32	340	379	414	-1	88	-1
379	61	32	-1	380	-1	378	-1	-1
380	62	32	-1	381	-1	379	-1	-1
381	63	32	-1	382	-1	380	-1	-1
382	64	32	-1	383	-1	381	89	-1
383	65	32	-1	384	-1	382	-1	-1
384	66	32	-1	385	-1	383	-1	-1
385	67	32	-1	386	-1	384	-1	-1
386	68	32	-1	387	-1	385	90	-1
387	69	32	-1	388	-1	386	-1	-1
388	70	32	-1	389	-1	387	-1	-1
389	71	32	-1	390	-1	388	-1	-1
390	72	32	341	-1	-1	389	91	-1
391	84	32	342	392	-1	-1	92	-1
392	85	32	-1	393	-1	391	-1	-1
393	86	32	-1	394	-1	392	-1	-1
394	87	32	-1	395	-1	393	-1	-1
395	88	32	-1	396	-1	394	93	-1
396	89	32	-1	397	-1	395	-1	-1
397	90	32	-1	398	-1	396	-1	-1
398	91	32	-1	399	-1	397	-1	-1
399	92	32	-1	400	-1	398	94	-1
400	93	32	-1	401	-1	399	-1	-1
401	94	32	-1	402	-1	400	-1	-1
402	95	32	-1	403	-1	401	-1	-1
403	96	32	-1	404	415	402	95	-1
404	97	32	-1	405	-1	403	-1	-1
405	98	32	-1	406	-1	404	-1	-1
406	99	32	-1	407	-1	405	-1	-1
407	100	32	-1	408	-1	406	96	-1
408	101	32	-1	409	-1	407	-1	-1
409	102	32	-1	410	-1	408	-1	-1
410	103	32	-1	411	-1	409	-1	-1
411	104	32	343	-1	-1	410	97	-1
412	12	33	352	-1	416	-1	-1	-1
413	48	33	377	-1	417	-1	-1	-1
414	60	33	378	-1	418	-1	-1	-1
415	96	33	403	-1	419	-1	-1	-1
416	12	34	412	-1	420	-1	-1	-1
417	48	34	413	-1	421	-1	-1	-1
418	60	34	414	-1	422	-1	-1	-1
419	96	34	415	-1	423	-1	-1	-1
420	12	35	416	-1	424	-1	-1	-1
421	48	35	417	-1	425	-1	-1	-1
422	60	35	418	-1	426	-1	-1	-1
423	96	35	419	-1	427	-1	-1	-1
424	12	36	420	-1	428	-1	98	-1
425	48	36	421	-1	429	-1	-1	-1
426	60	36	422	-1	430	-1	-1	-1
427	96	36	423	-1	431	-1	99	-1
428	12	37	424	-1	432	-1	-1	-1
429	48	37	425	-1	433	-1	-1	-1
430	60	37	426	-1	434	-1	-1	-1
431	96	37	427	-1	435	-1	-1	-1
432	12	38	428	-1	436	-1	-1	-1
433	48	38	429	-1	437	-1	-1	-1
434	60	38	430	-1	438	-1	-1	-1
435	96	38	431	-1	439	-1	-1	-1
436	12	39	432	-1	440	-1	-1	-1
437	48	39	433	-1	441	-1	-1	-1
438	60	39	434	-1	442	-1	-1	-1
439	96	39	435	-1	443	-1	-1	-1
440	12	40	436	-1	444	-1	100	-1
441	48	40	437	-1	445	-1	-1	-1
442	60	40	438	-1	446	-1	-1	-1
443	96	40	439	-1	447	-1	101	-1
444	12	41	440	-1	448	-1	-1	-1
445	48	41	441	-1	449	-1	-1	-1
446	60	41	442	-1	450	-1	-1	-1
447	96	41	443	-1	451	-1	-1	-1
448	12	42	444	-1	452	-1	-1	-1
449	48	42	445	-1	453	-1	-1	-1
450	60	42	446	-1	454	-1	-1	-1
451	96	42	447	-1	455	-1	-1	-1
452	12	43	448	-1	456	-1	-1	-1
453	48	43	449	-1	481	-1	-1	-1
454	60	43	450	-1	493	-1	-1	-1
455	96	43	451	-1	518	-1	-1	-1
456	12	44	452	457	519	-1	102	-1
457	13	44	-1	458	-1	456	-1	-1
458	14	44	-1	459	-1	457	-1	-1
459	15	44	-1	460	-1	458	-1	-1
460	16	44	-1	461	-1	459	103	-1
461	17	44	-1	462	-1	460	-1	-1
462	18	44	-1	463	-1	461	-1	-1
463	19	44	-1	464	-1	462	-1	-1
464	20	44	-1	465	-1	463	104	-1
465	21	44	-1	466	-1	464	-1	-1
466	22	44	-1	467	-1	465	-1	-1
467	23	44	-1	468	-1	466	-1	-1
468	24	44	-1	-1	520	467	105	-1
469	36	44	-1	470	521	-1	-1	-1
470	37	44	-1	471	-1	469	-1	-1
471	38	44	-1	472	-1	470	-1	-1
472	39	44	-1	473	-1	471	-1	-1
473	40	44	-1	474	-1	472	-1	-1
474	41	44	-1	475	-1	473	-1	-1
475	42	44	-1	476	-1	474	-1	-1
476	43	44	-1	477	-1	475	-1	-1
477	44	44	-1	478	-1	476	-1	-1
478	45	44	-1	479	-1	477	-1	-1
479	46	44	-1	480	-1	478	-1	-1
480	47	44	-1	481	-1	479	-1	-1
481	48	44	453	482	-1	480	-1	-1
482	49	44	-1	483	-1	481	-1	-1
483	50	44	-1	484	-1	482	-1	-1
484	51	44	-1	485	-1	483	-1	-1
485	52	44	-1	486	-1	484	-1	-1
486	53	44	-1	487	-1	485	-1	-1
487	54	44	-1	488	-1	486	-1	-1
488	55	44	-1	489	-1	487	-1	-1
489	56	44	-1	490	-1	488	-1	-1
490	57	44	-1	491	-1	489	-1	-1
491	58	44	-1	492	-1	490	-1	-1
492	59	44	-1	493	-1	491	-1	-1
493	60	44	454	494	-1	492	-1	-1
494	61	44	-1	495	-1	493	-1	-1
495	62	44	-1	496	-1	494	-1	-1
496	63	44	-1	497	-1	495	-1	-1
497	64	44	-1	498	-1	496	-1	-1
498	65	44	-1	499	-1	497	-1	-1
499	66	44	-1	500	-1	498	-1	-1
500	67	44	-1	501	-1	499	-1	-1
501	68	44	-1	502	-1	500	-1	-1
502	69	44	-1	503	-1	501	-1	-1
503	70	44	-1	504	-1	502	-1	-1
504	71	44	-1	505	-1	503	-1	-1
505	72	44	-1	-1	522	504	-1	-1
506	84	44	-1	507	523	-1	106	-1
507	85	44	-1	508	-1	506	-1	-1
508	86	44	-1	509	-1	507	-1	-1
509	87	44	-1	510	-1	508	-1	-1
510	88	44	-1	511	-1	509	107	-1
511	89	44	-1	512	-1	510	-1	-1
512	90	44	-1	513	-1	511	-1	-1
513	91	44	-1	514	-1	512	-1	-1
514	92	44	-1	515	-1	513	108	-1
515	93	44	-1	516	-1	514	-1	-1
516	94	44	-1	517	-1	515	-1	-1
517	95	44	-1	518	-1	516	-1	-1
518	96	44	455	-1	524	517	109	-1
519	12	45	456	-1	525	-1	-1	-1
520	24	45	468	-1	526	-1	-1	-1
521	36	45	469	-1	527	-1	-1	-1
522	72	45	505	-1	528	-1	-1	-1
523	84	45	506	-1	529	-1	-1	-1
524	96	45	518	-1	530	-1	-1	-1
525	12	46	519	-1	531	-1	-1	-1
526	24	46	520	-1	532	-1	-1	-1
527	36	46	521	-1	533	-1	-1	-1
528	72	46	522	-1	534	-1	-1	-1
529	84	46	523	-1	535	-1	-1	-1
530	96	46	524	-1	536	-1	-1	-1
531	12	47	525	-1	537	-1	-1	-1
532	24	47	526	-1	538	-1	-1	-1
533	36	47	527	-1	539	-1	-1	-1
534	72	47	528	-1	540	-1	-1	-1
535	84	47	529	-1	541	-1	-1	-1
536	96	47	530	-1	542	-1	-1	-1
537	12	48	531	-1	543	-1	-1	-1
538	24	48	532	-1	544	-1	110	-1
539	36	48	533	-1	545	-1	-1	-1
540	72	48	534	-1	546	-1	-1	-1
541	84	48	535	-1	547	-1	111	-1
542	96	48	536	-1	548	-1	-1	-1
543	12	49	537	-1	549	-1	-1	-1
544	24	49	538	-1	550	-1	-1	-1
545	36	49	539	-1	551	-1	-1	-1
546	72	49	540	-1	552	-1	-1	-1
547	84	49	541	-1	553	-1	-1	-1
548	96	49	542	-1	554	-1	-1	-1
549	12	50	543	-1	555	-1	-1	-1
550	24	50	544	-1	556	-1	-1	-1
551	36	50	545	-1	557	-1	-1	-1
552	72	50	546	-1	558	-1	-1	-1
553	84	50	547	-1	559	-1	-1	-1
554	96	50	548	-1	560	-1	-1	-1
555	12	51	549	-1	573	-1	-1	-1
556	24	51	550	-1	574	-1	-1	-1
557	36	51	551	-1	575	-1	-1	-1
558	72	51	552	-1	576	-1	-1	-1
559	84	51	553	-1	577	-1	-1	-1
560	96	51	554	-1	578	-1	-1	-1
561	0	52	-1	562	-1	590	-1	-1
562	1	52	-1	563	-1	561	-1	-1
563	2	52	-1	564	-1	562	-1	-1
564	3	52	-1	565	-1	563	-1	-1
565	4	52	-1	566	-1	564	-1	-1
566	5	52	-1	567	-1	565	-1	-1
567	6	52	-1	568	-1	566	-1	-1
568	7	52	-1	569	-1	567	-1	-1
569	8	52	-1	570	-1	568	-1	-1
570	9	52	-1	571	-1	569	-1	-1
571	10	52	-1	572	-1	570	-1	-1
572	11	52	-1	573	-1	571	-1	-1
573	12	52	555	-1	-1	572	-1	-1
574	24	52	556	-1	591	-1	112	-1
575	36	52	557	-1	592	-1	-1	-1
576	72	52	558	-1	593	-1	-1	-1
577	84	52	559	-1	594	-1	113	-1
578	96	52	560	579	-1	-1	-1	-1
579	97	52	-1	580	-1	578	-1	-1
580	98	52	-1	581	-1	579	-1	-1
581	99	52	-1	582	-1	580	-1	-1
582	100	52	-1	583	-1	581	-1	-1
583	101	52	-1	584	-1	582	-1	-1
584	102	52	-1	585	-1	583	-1	-1
585	103	52	-1	586	-1	584	-1	-1
586	104	52	-1	587	-1	585	-1	-1
587	105	52	-1	588	-1	586	-1	-1
588	106	52	-1	589	-1	587	-1	-1
589	107	52	-1	590	-1	588	-1	-1
590	108	52	-1	561	-1	589	-1	-1
591	24	53	574	-1	595	-1	-1	-1
592	36	53	575	-1	596	-1	-1	-1
593	72	53	576	-1	597	-1	-1	-1
594	84	53	577	-1	598	-1	-1	-1
595	24	54	591	-1	599	-1	-1	-1
596	36	54	592	-1	600	-1	-1	-1
597	72	54	593	-1	601	-1	-1	-1
598	84	54	594	-1	602	-1	-1	-1
599	24	55	595	-1	603	-1	-1	-1
600	36	55	596	-1	604	-1	-1	-1
601	72	55	597	-1	605	-1	-1	-1
602	84	55	598	-1	606	-1	-1	-1
603	24	56	599	-1	607	-1	114	-1
604	36	56	600	-1	608	-1	-1	-1
605	72	56	601	-1	609	-1	-1	-1
606	84	56	602	-1	610	-1	115	-1
607	24	57	603	-1	611	-1	-1	-1
608	36	57	604	-1	623	-1	-1	-1
609	72	57	605	-1	624	-1	-1	-1
610	84	57	606	-1	636	-1	-1	-1
611	24	58	607	612	637	-1	-1	-1
612	25	58	-1	613	-1	611	-1	-1
613	26	58	-1	614	-1	612	-1	-1
614	27	58	-1	615	-1	613	-1	-1
615	28	58	-1	616	-1	614	-1	-1
616	29	58	-1	617	-1	615	-1	-1
617	30	58	-1	618	-1	616	-1	-1
618	31	58	-1	619	-1	617	-1	-1
619	32	58	-1	620	-1	618	-1	-1
620	33	58	-1	621	-1	619	-1	-1
621	34	58	-1	622	-1	620	-1	-1
622	35	58	-1	623	-1	621	-1	-1
623	36	58	608	-1	638	622	-1	-1
624	72	58	609	625	639	-1	-1	-1
625	73	58	-1	626	-1	624	-1	-1
626	74	58	-1	627	-1	625	-1	-1
627	75	58	-1	628	-1	626	-1	-1
628	76	58	-1	629	-1	627	-1	-1
629	77	58	-1	630	-1	628	-1	-1
630	78	58	-1	631	-1	629	-1	-1
631	79	58	-1	632	-1	630	-1	-1
632	80	58	-1	633	-1	631	-1	-1
633	81	58	-1	634	-1	632	-1	-1
634	82	58	-1	635	-1	633	-1	-1
635	83	58	-1	636	-1	634	-1	-1
636	84	58	610	-1	640	635	-1	-1
637	24	59	611	-1	641	-1	-1	-1
638	36	59	623	-1	642	-1	-1	-1
639	72	59	624	-1	643	-1	-1	-1
640	84	59	636	-1	644	-1	-1	-1
641	24	60	637	-1	645	-1	116	-1
642	36	60	638	-1	646	-1	-1	-1
643	72	60	639	-1	647	-1	-1	-1
644	84	60	640	-1	648	-1	117	-1
645	24	61	641	-1	649	-1	-1	-1
646	36	61	642	-1	650	-1	-1	-1
647	72	61	643	-1	651	-1	-1	-1
648	84	61	644	-1	652	-1	-1	-1
649	24	62	645	-1	653	-1	-1	-1
650	36	62	646	-1	654	-1	-1	-1
651	72	62	647	-1	655	-1	-1	-1
652	84	62	648	-1	656	-1	-1	-1
653	24	63	649	-1	657	-1	-1	-1
654	36	63	650	-1	658	-1	-1	-1
655	72	63	651	-1	659	-1	-1	-1
656	84	63	652	-1	660	-1	-1	-1
657	24	64	653	-1	674	-1	118	-1
658	36	64	654	-1	675	-1	-1	-1
659	72	64	655	-1	676	-1	-1	-1
660	84	64	656	-1	677	-1	119	-1
661	0	65	-1	662	-1	690	-1	-1
662	1	65	-1	663	-1	661	-1	-1
663	2	65	-1	664	-1	662	-1	-1
664	3	65	-1	665	-1	663	-1	-1
665	4	65	-1	666	-1	664	-1	-1
666	5	65	-1	667	-1	665	-1	-1
667	6	65	-1	668	-1	666	-1	-1
668	7	65	-1	669	-1	667	-1	-1
669	8	65	-1	670	-1	668	-1	-1
670	9	65	-1	671	-1	669	-1	-1
671	10	65	-1	672	-1	670	-1	-1
672	11	65	-1	673	-1	671	-1	-1
673	12	65	-1	-1	691	672	-1	-1
674	24	65	657	-1	692	-1	-1	-1
675	36	65	658	-1	693	-1	-1	-1
676	72	65	659	-1	694	-1	-1	-1
677	84	65	660	-1	695	-1	-1	-1
678	96	65	-1	679	696	-1	-1	-1
679	97	65	-1	680	-1	678	-1	-1
680	98	65	-1	681	-1	679	-1	-1
681	99	65	-1	682	-1	680	-1	-1
682	100	65	-1	683	-1	681	-1	-1
683	101	65	-1	684	-1	682	-1	-1
684	102	65	-1	685	-1	683	-1	-1
685	103	65	-1	686	-1	684	-1	-1
686	104	65	-1	687	-1	685	-1	-1
687	105	65	-1	688	-1	686	-1	-1
688	106	65	-1	689	-1	687	-1	-1
689	107	65	-1	690	-1	688	-1	-1
690	108	65	-1	661	-1	689	-1	-1
691	12	66	673	-1	697	-1	-1	-1
692	24	66	674	-1	698	-1	-1	-1
693	36	66	675	-1	699	-1	-1	-1
694	72	66	676	-1	700	-1	-1	-1
695	84	66	677	-1	701	-1	-1	-1
696	96	66	678	-1	702	-1	-1	-1
697	12	67	691	-1	703	-1	-1	-1
698	24	67	692	-1	704	-1	-1	-1
699	36	67	693	-1	705	-1	-1	-1
700	72	67	694	-1	741	-1	-1	-1
701	84	67	695	-1	742	-1	-1	-1
702	96	67	696	-1	743	-1	-1	-1
703	12	68	697	-1	744	-1	-1	-1
704	24	68	698	-1	745	-1	120	-1
705	36	68	699	706	-1	-1	-1	-1
706	37	68	-1	707	-1	705	-1	-1
707	38	68	-1	708	-1	706	-1	-1
708	39	68	-1	709	-1	707	-1	-1
709	40	68	-1	710	-1	708	-1	-1
710	41	68	-1	711	-1	709	-1	-1
711	42	68	-1	712	-1	710	-1	-1
712	43	68	-1	713	-1	711	-1	-1
713	44	68	-1	714	-1	712	-1	-1
714	45	68	-1	715	-1	713	-1	-1
715	46	68	-1	716	-1	714	-1	-1
716	47	68	-1	717	-1	715	-1	-1
717	48	68	-1	718	746	716	-1	-1
718	49	68	-1	719	-1	717	-1	-1
719	50	68	-1	720	-1	718	-1	-1
720	51	68	-1	721	-1	719	-1	-1
721	52	68	-1	722	-1	720	-1	-1
722	53	68	-1	723	-1	721	-1	-1
723	54	68	-1	724	-1	722	-1	-1
724	55	68	-1	725	-1	723	-1	-1
725	56	68	-1	726	-1	724	-1	-1
726	57	68	-1	727	-1	725	-1	-1
727	58	68	-1	728	-1	726	-1	-1
728	59	68	-1	729	-1	727	-1	-1
729	60	68	-1	730	747	728	-1	-1
730	61	68	-1	731	-1	729	-1	-1
731	62	68	-1	732	-1	730	-1	-1
732	63	68	-1	733	-1	731	-1	-1
733	64	68	-1	734	-1	732	-1	-1
734	65	68	-1	735	-1	733	-1	-1
735	66	68	-1	736	-1	734	-1	-1
736	67	68	-1	737	-1	735	-1	-1
737	68	68	-1	738	-1	736	-1	-1
738	69	68	-1	739	-1	737	-1	-1
739	70	68	-1	740	-1	738	-1	-1
740	71	68	-1	741	-1	739	-1	-1
741	72	68	700	-1	-1	740	-1	-1
742	84	68	701	-1	748	-1	121	-1
743	96	68	702	-1	749	-1	-1	-1
744	12	69	703	-1	750	-1	-1	-1
745	24	69	704	-1	751	-1	-1	-1
746	48	69	717	-1	752	-1	-1	-1
747	60	69	729	-1	753	-1	-1	-1
748	84	69	742	-1	754	-1	-1	-1
749	96	69	743	-1	755	-1	-1	-1
750	12	70	744	-1	756	-1	-1	-1
751	24	70	745	-1	757	-1	-1	-1
752	48	70	746	-1	758	-1	-1	-1
753	60	70	747	-1	759	-1	-1	-1
754	84	70	748	-1	760	-1	-1	-1
755	96	70	749	-1	761	-1	-1	-1
756	12	71	750	-1	762	-1	-1	-1
757	24	71	751	-1	774	-1	-1	-1
758	48	71	752	-1	775	-1	-1	-1
759	60	71	753	-1	776	-1	-1	-1
760	84	71	754	-1	777	-1	-1	-1
761	96	71	755	-1	789	-1	-1	-1
762	12	72	756	763	790	-1	122	-1
763	13	72	-1	764	-1	762	-1	-1
764	14	72	-1	765	-1	763	-1	-1
765	15	72	-1	766	-1	764	-1	-1
766	16	72	-1	767	-1	765	123	-1
767	17	72	-1	768	-1	766	-1	-1
768	18	72	-1	769	-1	767	-1	-1
769	19	72	-1	770	-1	768	-1	-1
770	20	72	-1	771	-1	769	124	-1
771	21	72	-1	772	-1	770	-1	-1
772	22	72	-1	773	-1	771	-1	-1
773	23	72	-1	774	-1	772	-1	-1
774	24	72	757	-1	791	773	125	-1
775	48	72	758	-1	792	-1	-1	-1
776	60	72	759	-1	793	-1	-1	-1
777	84	72	760	778	794	-1	126	-1
778	85	72	-1	779	-1	777	-1	-1
779	86	72	-1	780	-1	778	-1	-1
780	87	72	-1	781	-1	779	-1	-1
781	88	72	-1	782	-1	780	127	-1
782	89	72	-1	783	-1	781	-1	-1
783	90	72	-1	784	-1	782	-1	-1
784	91	72	-1	785	-1	783	-1	-1
785	92	72	-1	786	-1	784	128	-1
786	93	72	-1	787	-1	785	-1	-1
787	94	72	-1	788	-1	786	-1	-1
788	95	72	-1	789	-1	787	-1	-1
789	96	72	761	-1	795	788	129	-1
790	12	73	762	-1	796	-1	-1	-1
791	24	73	774	-1	797	-1	-1	-1
792	48	73	775	-1	798	-1	-1	-1
793	60	73	776	-1	799	-1	-1	-1
794	84	73	777	-1	800	-1	-1	-1
795	96	73	789	-1	801	-1	-1	-1
796	12	74	790	-1	802	-1	-1	-1
797	24	74	791	-1	803	-1	-1	-1
798	48	74	792	-1	804	-1	-1	-1
799	60	74	793	-1	805	-1	-1	-1
800	84	74	794	-1	806	-1	-1	-1
801	96	74	795	-1	807	-1	-1	-1
802	12	75	796	-1	808	-1	-1	-1
803	24	75	797	-1	809	-1	-1	-1
804	48	75	798	-1	810	-1	-1	-1
805	60	75	799	-1	811	-1	-1	-1
806	84	75	800	-1	812	-1	-1	-1
807	96	75	801	-1	813	-1	-1	-1
808	12	76	802	-1	814	-1	130	-1
809	24	76	803	-1	815	-1	131	-1
810	48	76	804	-1	816	-1	-1	-1
811	60	76	805	-1	817	-1	-1	-1
812	84	76	806	-1	818	-1	132	-1
813	96	76	807	-1	819	-1	133	-1
814	12	77	808	-1	820	-1	-1	-1
815	24	77	809	-1	821	-1	-1	-1
816	48	77	810	-1	822	-1	-1	-1
817	60	77	811	-1	823	-1	-1	-1
818	84	77	812	-1	824	-1	-1	-1
819	96	77	813	-1	825	-1	-1	-1
820	12	78	814	-1	826	-1	-1	-1
821	24	78	815	-1	827	-1	-1	-1
822	48	78	816	-1	828	-1	-1	-1
823	60	78	817	-1	829	-1	-1	-1
824	84	78	818	-1	830	-1	-1	-1
825	96	78	819	-1	831	-1	-1	-1
826	12	79	820	-1	832	-1	-1	-1
827	24	79	821	-1	833	-1	-1	-1
828	48	79	822	-1	857	-1	-1	-1
829	60	79	823	-1	858	-1	-1	-1
830	84	79	824	-1	882	-1	-1	-1
831	96	79	825	-1	883	-1	-1	-1
832	12	80	826	-1	884	-1	134	-1
833	24	80	827	834	-1	-1	135	-1
834	25	80	-1	835	-1	833	-1	-1
835	26	80	-1	836	-1	834	-1	-1
836	27	80	-1	837	-1	835	-1	-1
837	28	80	-1	838	-1	836	136	-1
838	29	80	-1	839	-1	837	-1	-1
839	30	80	-1	840	-1	838	-1	-1
840	31	80	-1	841	-1	839	-1	-1
841	32	80	-1	842	-1	840	137	-1
842	33	80	-1	843	-1	841	-1	-1
843	34	80	-1	844	-1	842	-1	-1
844	35	80	-1	845	-1	843	-1	-1
845	36	80	-1	846	885	844	138	-1
846	37	80	-1	847	-1	845	-1	-1
847	38	80	-1	848	-1	846	-1	-1
848	39	80	-1	849	-1	847	-1	-1
849	40	80	-1	850	-1	848	-1	-1
850	41	80	-1	851	-1	849	-1	-1
851	42	80	-1	852	-1	850	-1	-1
852	43	80	-1	853	-1	851	-1	-1
853	44	80	-1	854	-1	852	-1	-1
854	45	80	-1	855	-1	853	-1	-1
855	46	80	-1	856	-1	854	-1	-1
856	47	80	-1	857	-1	855	-1	-1
857	48	80	828	-1	886	856	-1	-1
858	60	80	829	859	887	-1	-1	-1
859	61	80	-1	860	-1	858	-1	-1
860	62	80	-1	861	-1	859	-1	-1
861	63	80	-1	862	-1	860	-1	-1
862	64	80	-1	863	-1	861	-1	-1
863	65	80	-1	864	-1	862	-1	-1
864	66	80	-1	865	-1	863	-1	-1
865	67	80	-1	866	-1	864	-1	-1
866	68	80	-1	867	-1	865	-1	-1
867	69	80	-1	868	-1	866	-1	-1
868	70	80	-1	869	-1	867	-1	-1
869	71	80	-1	870	-1	868	-1	-1
870	72	80	-1	871	888	869	139	-1
871	73	80	-1	872	-1	870	-1	-1
872	74	80	-1	873	-1	871	-1	-1
873	75	80	-1	874	-1	872	-1	-1
874	76	80	-1	875	-1	873	140	-1
875	77	80	-1	876	-1	874	-1	-1
876	78	80	-1	877	-1	875	-1	-1
877	79	80	-1	878	-1	876	-1	-1
878	80	80	-1	879	-1	877	141	-1
879	81	80	-1	880	-1	878	-1	-1
880	82	80	-1	881	-1	879	-1	-1
881	83	80	-1	882	-1	880	-1	-1
882	84	80	830	-1	-1	881	142	-1
883	96	80	831	-1	889	-1	143	-1
884	12	81	832	-1	890	-1	-1	-1
885	36	81	845	-1	891	-1	-1	-1
886	48	81	857	-1	892	-1	-1	-1
887	60	81	858	-1	893	-1	-1	-1
888	72	81	870	-1	894	-1	-1	-1
889	96	81	883	-1	895	-1	-1	-1
890	12	82	884	-1	896	-1	-1	-1
891	36	82	885	-1	897	-1	-1	-1
892	48	82	886	-1	898	-1	-1	-1
893	60	82	887	-1	899	-1	-1	-1
894	72	82	888	-1	900	-1	-1	-1
895	96	82	889	-1	901	-1	-1	-1
896	12	83	890	-1	902	-1	-1	-1
897	36	83	891	-1	903	-1	-1	-1
898	48	83	892	-1	904	-1	-1	-1
899	60	83	893	-1	905	-1	-1	-1
900	72	83	894	-1	906	-1	-1	-1
901	96	83	895	-1	907	-1	-1	-1
902	12	84	896	-1	908	-1	144	-1
903	36	84	897	-1	909	-1	145	-1
904	48	84	898	-1	910	-1	-1	-1
905	60	84	899	-1	911	-1	-1	-1
906	72	84	900	-1	912	-1	146	-1
907	96	84	901	-1	913	-1	147	-1
908	12	85	902	-1	914	-1	-1	-1
909	36	85	903	-1	915	-1	-1	-1
910	48	85	904	-1	916	-1	-1	-1
911	60	85	905	-1	917	-1	-1	-1
912	72	85	906	-1	918	-1	-1	-1
913	96	85	907	-1	919	-1	-1	-1
914	12	86	908	-1	920	-1	-1	-1
915	36	86	909	-1	921	-1	-1	-1
916	48	86	910	-1	922	-1	-1	-1
917	60	86	911	-1	923	-1	-1	-1
918	72	86	912	-1	924	-1	-1	-1
919	96	86	913	-1	925	-1	-1	-1
920	12	87	914	-1	926	-1	-1	-1
921	36	87	915	-1	927	-1	-1	-1
922	48	87	916	-1	928	-1	-1	-1
923	60	87	917	-1	929	-1	-1	-1
924	72	87	918	-1	930	-1	-1	-1
925	96	87	919	-1	931	-1	-1	-1
926	12	88	920	-1	932	-1	148	-1
927	36	88	921	-1	933	-1	149	-1
928	48	88	922	-1	934	-1	-1	-1
929	60	88	923	-1	935	-1	-1	-1
930	72	88	924	-1	936	-1	150	-1
931	96	88	925	-1	937	-1	151	-1
932	12	89	926	-1	938	-1	-1	-1
933	36	89	927	-1	939	-1	-1	-1
934	48	89	928	-1	940	-1	-1	-1
935	60	89	929	-1	941	-1	-1	-1
936	72	89	930	-1	942	-1	-1	-1
937	96	89	931	-1	943	-1	-1	-1
938	12	90	932	-1	944	-1	-1	-1
939	36	90	933	-1	945	-1	-1	-1
940	48	90	934	-1	946	-1	-1	-1
941	60	90	935	-1	947	-1	-1	-1
942	72	90	936	-1	948	-1	-1	-1
943	96	90	937	-1	949	-1	-1	-1
944	12	91	938	-1	958	-1	-1	-1
945	36	91	939	-1	982	-1	-1	-1
946	48	91	940	-1	983	-1	-1	-1
947	60	91	941	-1	995	-1	-1	-1
948	72	91	942	-1	996	-1	-1	-1
949	96	91	943	-1	1020	-1	-1	-1
950	4	92	-1	951	1029	-1	152	-1
951	5	92	-1	952	-1	950	-1	-1
952	6	92	-1	953	-1	951	-1	-1
953	7	92	-1	954	-1	952	-1	-1
954	8	92	-1	955	-1	953	153	-1
955	9	92	-1	956	-1	954	-1	-1
956	10	92	-1	957	-1	955	-1	-1
957	11	92	-1	958	-1	956	-1	-1
958	12	92	944	959	-1	957	154	-1
959	13	92	-1	960	-1	958	-1	-1
960	14	92	-1	961	-1	959	-1	-1
961	15	92	-1	962	-1	960	-1	-1
962	16	92	-1	963	-1	961	155	-1
963	17	92	-1	964	-1	962	-1	-1
964	18	92	-1	965	-1	963	-1	-1
965	19	92	-1	966	-1	964	-1	-1
966	20	92	-1	967	-1	965	156	-1
967	21	92	-1	968	-1	966	-1	-1
968	22	92	-1	969	-1	967	-1	-1
969	23	92	-1	970	-1	968	-1	-1
970	24	92	-1	971	1030	969	157	-1
971	25	92	-1	972	-1	970	-1	-1
972	26	92	-1	973	-1	971	-1	-1
973	27	92	-1	974	-1	972	-1	-1
974	28	92	-1	975	-1	973	158	-1
975	29	92	-1	976	-1	974	-1	-1
976	30	92	-1	977	-1	975	-1	-1
977	31	92	-1	978	-1	976	-1	-1
978	32	92	-1	979	-1	977	159	-1
979	33	92	-1	980	-1	978	-1	-1
980	34	92	-1	981	-1	979	-1	-1
981	35	92	-1	982	-1	980	-1	-1
982	36	92	945	-1	1031	981	160	-1
983	48	92	946	984	-1	-1	-1	-1
984	49	92	-1	985	-1	983	-1	-1
985	50	92	-1	986	-1	984	-1	-1
986	51	92	-1	987	-1	985	-1	-1
987	52	92	-1	988	-1	986	-1	-1
988	53	92	-1	989	-1	987	-1	-1
989	54	92	-1	990	-1	988	-1	-1
990	55	92	-1	991	-1	989	-1	-1
991	56	92	-1	992	-1	990	-1	-1
992	57	92	-1	993	-1	991	-1	-1
993	58	92	-1	994	-1	992	-1	-1
994	59	92	-1	995	-1	993	-1	-1
995	60	92	947	-1	-1	994	-1	-1
996	72	92	948	997	1032	-1	161	-1
997	73	92	-1	998	-1	996	-1	-1
998	74	92	-1	999	-1	997	-1	-1
999	75	92	-1	1000	-1	998	-1	-1
1000	76	92	-1	1001	-1	999	162	-1
1001	77	92	-1	1002	-1	1000	-1	-1
1002	78	92	-1	1003	-1	1001	-1	-1
1003	79	92	-1	1004	-1	1002	-1	-1
1004	80	92	-1	1005	-1	1003	163	-1
1005	81	92	-1	1006	-1	1004	-1	-1
1006	82	92	-1	1007	-1	1005	-1	-1
1007	83	92	-1	1008	-1	1006	-1	-1
1008	84	92	-1	1009	1033	1007	164	-1
1009	85	92	-1	1010	-1	1008	-1	-1
1010	86	92	-1	1011	-1	1009	-1	-1
1011	87	92	-1	1012	-1	1010	-1	-1
1012	88	92	-1	1013	-1	1011	165	-1
1013	89	92	-1	1014	-1	1012	-1	-1
1014	90	92	-1	1015	-1	1013	-1	-1
1015	91	92	-1	1016	-1	1014	-1	-1
1016	92	92	-1	1017	-1	1015	166	-1
1017	93	92	-1	1018	-1	1016	-1	-1
1018	94	92	-1	1019	-1	1017	-1	-1
1019	95	92	-1	1020	-1	1018	-1	-1
1020	96	92	949	1021	-1	1019	167	-1
1021	97	92	-1	1022	-1	1020	-1	-1
1022	98	92	-1	1023	-1	1021	-1	-1
1023	99	92	-1	1024	-1	1022	-1	-1
1024	100	92	-1	1025	-1	1023	168	-1
1025	101	92	-1	1026	-1	1024	-1	-1
1026	102	92	-1	1027	-1	1025	-1	-1
1027	103	92	-1	1028	-1	1026	-1	-1
1028	104	92	-1	-1	1034	1027	169	-1
1029	4	93	950	-1	1035	-1	-1	-1
1030	24	93	970	-1	1036	-1	-1	-1
1031	36	93	982	-1	1037	-1	-1	-1
1032	72	93	996	-1	1038	-1	-1	-1
1033	84	93	1008	-1	1039	-1	-1	-1
1034	104	93	1028	-1	1040	-1	-1	-1
1035	4	94	1029	-1	1041	-1	-1	-1
1036	24	94	1030	-1	1042	-1	-1	-1
1037	36	94	1031	-1	1043	-1	-1	-1
1038	72	94	1032	-1	1044	-1	-1	-1
1039	84	94	1033	-1	1045	-1	-1	-1
1040	104	94	1034	-1	1046	-1	-1	-1
1041	4	95	1035	-1	1047	-1	-1	-1
1042	24	95	1036	-1	1048	-1	-1	-1
1043	36	95	1037	-1	1049	-1	-1	-1
1044	72	95	1038	-1	1050	-1	-1	-1
1045	84	95	1039	-1	1051	-1	-1	-1
1046	104	95	1040	-1	1052	-1	-1	-1
1047	4	96	1041	-1	1053	-1	170	-1
1048	24	96	1042	-1	1054	-1	171	-1
1049	36	96	1043	-1	1055	-1	172	-1
1050	72	96	1044	-1	1056	-1	173	-1
1051	84	96	1045	-1	1057	-1	174	-1
1052	104	96	1046	-1	1058	-1	175	-1
1053	4	97	1047	-1	1059	-1	-1	-1
1054	24	97	1048	-1	1060	-1	-1	-1
1055	36	97	1049	-1	1061	-1	-1	-1
1056	72	97	1050	-1	1062	-1	-1	-1
1057	84	97	1051	-1	1063	-1	-1	-1
1058	104	97	1052	-1	1064	-1	-1	-1
1059	4	98	1053	-1	1065	-1	-1	-1
1060	24	98	1054	-1	1066	-1	-1	-1
1061	36	98	1055	-1	1067	-1	-1	-1
1062	72	98	1056	-1	1068	-1	-1	-1
1063	84	98	1057	-1	1069	-1	-1	-1
1064	104	98	1058	-1	1070	-1	-1	-1
1065	4	99	1059	-1	1071	-1	-1	-1
1066	24	99	1060	-1	1072	-1	-1	-1
1067	36	99	1061	-1	1073	-1	-1	-1
1068	72	99	1062	-1	1074	-1	-1	-1
1069	84	99	1063	-1	1075	-1	-1	-1
1070	104	99	1064	-1	1076	-1	-1	-1
1071	4	100	1065	-1	1077	-1	176	-1
1072	24	100	1066	-1	1078	-1	177	-1
1073	36	100	1067	-1	1079	-1	178	-1
1074	72	100	1068	-1	1080	-1	179	-1
1075	84	100	1069	-1	1081	-1	180	-1
1076	104	100	1070	-1	1082	-1	181	-1
1077	4	101	1071	-1	1083	-1	-1	-1
1078	24	101	1072	-1	1084	-1	-1	-1
1079	36	101	1073	-1	1085	-1	-1	-1
1080	72	101	1074	-1	1086	-1	-1	-1
1081	84	101	1075	-1	1087	-1	-1	-1
1082	104	101	1076	-1	1088	-1	-1	-1
1083	4	102	1077	-1	1089	-1	-1	-1
1084	24	102	1078	-1	1090	-1	-1	-1
1085	36	102	1079	-1	1091	-1	-1	-1
1086	72	102	1080	-1	1092	-1	-1	-1
1087	84	102	1081	-1	1093	-1	-1	-1
1088	104	102	1082	-1	1094	-1	-1	-1
1089	4	103	1083	-1	1095	-1	-1	-1
1090	24	103	1084	-1	1104	-1	-1	-1
1091	36	103	1085	-1	1105	-1	-1	-1
1092	72	103	1086	-1	1141	-1	-1	-1
1093	84	103	1087	-1	1142	-1	-1	-1
1094	104	103	1088	-1	1151	-1	-1	-1
1095	4	104	1089	-1	1152	-1	182	-1
1096	16	104	-1	1097	1153	-1	183	-1
1097	17	104	-1	1098	-1	1096	-1	-1
1098	18	104	-1	1099	-1	1097	-1	-1
1099	19	104	-1	1100	-1	1098	-1	-1
1100	20	104	-1	1101	-1	1099	184	-1
1101	21	104	-1	1102	-1	1100	-1	-1
1102	22	104	-1	1103	-1	1101	-1	-1
1103	23	104	-1	1104	-1	1102	-1	-1
1104	24	104	1090	-1	-1	1103	185	-1
1105	36	104	1091	1106	-1	-1	186	-1
1106	37	104	-1	1107	-1	1105	-1	-1
1107	38	104	-1	1108	-1	1106	-1	-1
1108	39	104	-1	1109	-1	1107	-1	-1
1109	40	104	-1	1110	-1	1108	187	-1
1110	41	104	-1	1111	-1	1109	-1	-1
1111	42	104	-1	1112	-1	1110	-1	-1
1112	43	104	-1	1113	-1	1111	-1	-1
1113	44	104	-1	1114	-1	1112	188	-1
1114	45	104	-1	1115	-1	1113	-1	-1
1115	46	104	-1	1116	-1	1114	-1	-1
1116	47	104	-1	1117	-1	1115	-1	-1
1117	48	104	-1	1118	1154	1116	189	-1
1118	49	104	-1	1119	-1	1117	-1	-1
1119	50	104	-1	1120	-1	1118	-1	-1
1120	51	104	-1	1121	-1	1119	-1	-1
1121	52	104	-1	1122	-1	1120	190	-1
1122	53	104	-1	1123	-1	1121	-1	-1
1123	54	104	-1	1124	-1	1122	-1	-1
1124	55	104	-1	1125	-1	1123	-1	-1
1125	56	104	-1	1126	-1	1124	191	-1
1126	57	104	-1	1127	-1	1125	-1	-1
1127	58	104	-1	1128	-1	1126	-1	-1
1128	59	104	-1	1129	-1	1127	-1	-1
1129	60	104	-1	1130	1155	1128	192	-1
1130	61	104	-1	1131	-1	1129	-1	-1
1131	62	104	-1	1132	-1	1130	-1	-1
1132	63	104	-1	1133	-1	1131	-1	-1
1133	64	104	-1	1134	-1	1132	193	-1
1134	65	104	-1	1135	-1	1133	-1	-1
1135	66	104	-1	1136	-1	1134	-1	-1
1136	67	104	-1	1137	-1	1135	-1	-1
1137	68	104	-1	1138	-1	1136	194	-1
1138	69	104	-1	1139	-1	1137	-1	-1
1139	70	104	-1	1140	-1	1138	-1	-1
1140	71	104	-1	1141	-1	1139	-1	-1
1141	72	104	1092	-1	-1	1140	195	-1
1142	84	104	1093	1143	-1	-1	196	-1
1143	85	104	-1	1144	-1	1142	-1	-1
1144	86	104	-1	1145	-1	1143	-1	-1
1145	87	104	-1	1146	-1	1144	-1	-1
1146	88	104	-1	1147	-1	1145	197	-1
1147	89	104	-1	1148	-1	1146	-1	-1
1148	90	104	-1	1149	-1	1147	-1	-1
1149	91	104	-1	1150	-1	1148	-1	-1
1150	92	104	-1	-1	1156	1149	198	-1
1151	104	104	1094	-1	1157	-1	199	-1
1152	4	105	1095	-1	1158	-1	-1	-1
1153	16	105	1096	-1	1159	-1	-1	-1
1154	48	105	1117	-1	1160	-1	-1	-1
1155	60	105	1129	-1	1161	-1	-1	-1
1156	92	105	1150	-1	1162	-1	-1	-1
1157	104	105	1151	-1	1163	-1	-1	-1
1158	4	106	1152	-1	1164	-1	-1	-1
1159	16	106	1153	-1	1165	-1	-1	-1
1160	48	106	1154	-1	1166	-1	-1	-1
1161	60	106	1155	-1	1167	-1	-1	-1
1162	92	106	1156	-1	1168	-1	-1	-1
1163	104	106	1157	-1	1169	-1	-1	-1
1164	4	107	1158	-1	1170	-1	-1	-1
1165	16	107	1159	-1	1171	-1	-1	-1
1166	48	107	1160	-1	1172	-1	-1	-1
1167	60	107	1161	-1	1173	-1	-1	-1
1168	92	107	1162	-1	1174	-1	-1	-1
1169	104	107	1163	-1	1175	-1	-1	-1
1170	4	108	1164	-1	1176	-1	-1	2
1171	16	108	1165	-1	1177	-1	200	-1
1172	48	108	1166	-1	1178	-1	201	-1
1173	60	108	1167	-1	1179	-1	202	-1
1174	92	108	1168	-1	1180	-1	203	-1
1175	104	108	1169	-1	1181	-1	-1	3
1176	4	109	1170	-1	1182	-1	-1	-1
1177	16	109	1171	-1	1183	-1	-1	-1
1178	48	109	1172	-1	1184	-1	-1	-1
1179	60	109	1173	-1	1185	-1	-1	-1
1180	92	109	1174	-1	1186	-1	-1	-1
1181	104	109	1175	-1	1187	-1	-1	-1
1182	4	110	1176	-1	1188	-1	-1	-1
1183	16	110	1177	-1	1189	-1	-1	-1
1184	48	110	1178	-1	1190	-1	-1	-1
1185	60	110	1179	-1	1191	-1	-1	-1
1186	92	110	1180	-1	1192	-1	-1	-1
1187	104	110	1181	-1	1193	-1	-1	-1
1188	4	111	1182	-1	1194	-1	-1	-1
1189	16	111	1183	-1	1195	-1	-1	-1
1190	48	111	1184	-1	1196	-1	-1	-1
1191	60	111	1185	-1	1197	-1	-1	-1
1192	92	111	1186	-1	1198	-1	-1	-1
1193	104	111	1187	-1	1199	-1	-1	-1
1194	4	112	1188	-1	1200	-1	204	-1
1195	16	112	1189	-1	1201	-1	205	-1
1196	48	112	1190	-1	1202	-1	206	-1
1197	60	112	1191	-1	1203	-1	207	-1
1198	92	112	1192	-1	1204	-1	208	-1
1199	104	112	1193	-1	1205	-1	209	-1
1200	4	113	1194	-1	1206	-1	-1	-1
1201	16	113	1195	-1	1207	-1	-1	-1
1202	48	113	1196	-1	1208	-1	-1	-1
1203	60	113	1197	-1	1209	-1	-1	-1
1204	92	113	1198	-1	1210	-1	-1	-1
1205	104	113	1199	-1	1211	-1	-1	-1
1206	4	114	1200	-1	1212	-1	-1	-1
1207	16	114	1201	-1	1213	-1	-1	-1
1208	48	114	1202	-1	1214	-1	-1	-1
1209	60	114	1203	-1	1215	-1	-1	-1
1210	92	114	1204	-1	1216	-1	-1	-1
1211	104	114	1205	-1	1217	-1	-1	-1
1212	4	115	1206	-1	1218	-1	-1	-1
1213	16	115	1207	-1	1230	-1	-1	-1
1214	48	115	1208	-1	1262	-1	-1	-1
1215	60	115	1209	-1	1263	-1	-1	-1
1216	92	115	1210	-1	1295	-1	-1	-1
1217	104	115	1211	-1	1307	-1	-1	-1
1218	4	116	1212	1219	-1	-1	210	-1
1219	5	116	-1	1220	-1	1218	-1	-1
1220	6	116	-1	1221	-1	1219	-1	-1
1221	7	116	-1	1222	-1	1220	-1	-1
1222	8	116	-1	1223	-1	1221	211	-1
1223	9	116	-1	1224	-1	1222	-1	-1
1224	10	116	-1	1225	-1	1223	-1	-1
1225	11	116	-1	1226	-1	1224	-1	-1
1226	12	116	-1	1227	-1	1225	212	-1
1227	13	116	-1	1228	-1	1226	-1	-1
1228	14	116	-1	1229	-1	1227	-1	-1
1229	15	116	-1	1230	-1	1228	-1	-1
1230	16	116	1213	1231	-1	1229	213	-1
1231	17	116	-1	1232	-1	1230	-1	-1
1232	18	116	-1	1233	-1	1231	-1	-1
1233	19	116	-1	1234	-1	1232	-1	-1
1234	20	116	-1	1235	-1	1233	214	-1
1235	21	116	-1	1236	-1	1234	-1	-1
1236	22	116	-1	1237	-1	1235	-1	-1
1237	23	116	-1	1238	-1	1236	-1	-1
1238	24	116	-1	1239	-1	1237	215	-1
1239	25	116	-1	1240	-1	1238	-1	-1
1240	26	116	-1	1241	-1	1239	-1	-1
1241	27	116	-1	1242	-1	1240	-1	-1
1242	28	116	-1	1243	-1	1241	216	-1
1243	29	116	-1	1244	-1	1242	-1	-1
1244	30	116	-1	1245	-1	1243	-1	-1
1245	31	116	-1	1246	-1	1244	-1	-1
1246	32	116	-1	1247	-1	1245	217	-1
1247	33	116	-1	1248	-1	1246	-1	-1
1248	34	116	-1	1249	-1	1247	-1	-1
1249	35	116	-1	1250	-1	1248	-1	-1
1250	36	116	-1	1251	-1	1249	218	-1
1251	37	116	-1	1252	-1	1250	-1	-1
1252	38	116	-1	1253	-1	1251	-1	-1
1253	39	116	-1	1254	-1	1252	-1	-1
1254	40	116	-1	1255	-1	1253	219	-1
1255	41	116	-1	1256	-1	1254	-1	-1
1256	42	116	-1	1257	-1	1255	-1	-1
1257	43	116	-1	1258	-1	1256	-1	-1
1258	44	116	-1	1259	-1	1257	220	-1
1259	45	116	-1	1260	-1	1258	-1	-1
1260	46	116	-1	1261	-1	1259	-1	-1
1261	47	116	-1	1262	-1	1260	-1	-1
1262	48	116	1214	-1	-1	1261	221	-1
1263	60	116	1215	1264	-1	-1	222	-1
1264	61	116	-1	1265	-1	1263	-1	-1
1265	62	116	-1	1266	-1	1264	-1	-1
1266	63	116	-1	1267	-1	1265	-1	-1
1267	64	116	-1	1268	-1	1266	223	-1
1268	65	116	-1	1269	-1	1267	-1	-1
1269	66	116	-1	1270	-1	1268	-1	-1
1270	67	116	-1	1271	-1	1269	-1	-1
1271	68	116	-1	1272	-1	1270	224	-1
1272	69	116	-1	1273	-1	1271	-1	-1
1273	70	116	-1	1274	-1	1272	-1	-1
1274	71	116	-1	1275	-1	1273	-1	-1
1275	72	116	-1	1276	-1	1274	225	-1
1276	73	116	-1	1277	-1	1275	-1	-1
1277	74	116	-1	1278	-1	1276	-1	-1
1278	75	116	-1	1279	-1	1277	-1	-1
1279	76	116	-1	1280	-1	1278	226	-1
1280	77	116	-1	1281	-1	1279	-1	-1
1281	78	116	-1	1282	-1	1280	-1	-1
1282	79	116	-1	1283	-1	1281	-1	-1
1283	80	116	-1	1284	-1	1282	227	-1
1284	81	116	-1	1285	-1	1283	-1	-1
1285	82	116	-1	1286	-1	1284	-1	-1
1286	83	116	-1	1287	-1	1285	-1	-1
1287	84	116	-1	1288	-1	1286	228	-1
1288	85	116	-1	1289	-1	1287	-1	-1
1289	86	116	-1	1290	-1	1288	-1	-1
1290	87	116	-1	1291	-1	1289	-1	-1
1291	88	116	-1	1292	-1	1290	229	-1
1292	89	116	-1	1293	-1	1291	-1	-1
1293	90	116	-1	1294	-1	1292	-1	-1
1294	91	116	-1	1295	-1	1293	-1	-1
1295	92	116	1216	1296	-1	1294	230	-1
1296	93	116	-1	1297	-1	1295	-1	-1
1297	94	116	-1	1298	-1	1296	-1	-1
1298	95	116	-1	1299	-1	1297	-1	-1
1299	96	116	-1	1300	-1	1298	231	-1
1300	97	116	-1	1301	-1	1299	-1	-1
1301	98	116	-1	1302	-1	1300	-1	-1
1302	99	116	-1	1303	-1	1301	-1	-1
1303	100	116	-1	1304	-1	1302	232	-1
1304	101	116	-1	1305	-1	1303	-1	-1
1305	102	116	-1	1306	-1	1304	-1	-1
1306	103	116	-1	1307	-1	1305	-1	-1
1307	104	116	1217	-1	-1	1306	233	-1
1308	50	56	-1	-1	-1	-1	-1	-1
